916-2611 -414.348 870.016
0 270 0

-2611 -414.348 870.016
0 270 0

-2611 -414.348 870.016
0 270 0

-2611 -414.348 870.016
0 270 0

-2611 -414.348 870.016
0 270 0

-2611 -414.348 870.016
0 270 0

-2611 -414.348 870.016
0 270 0

-2611 -414.348 870.016
0 270 0

-2611 -414.348 870.016
0 270 0

-2611 -414.348 870.016
0 270 0

-2611 -414.348 870.016
0 270 0

-2611 -414.348 870.016
0 270 0

-2611 -414.348 870.016
0 270 0

-2611 -414.348 870.016
0 270 0

-2611 -414.348 870.016
0 270 0

-2611 -414.348 870.016
0 270 0

-2611 -414.348 870.016
0 270 0

-2611.84 -414.348 870.015
0 270.048 0

-2612.67 -414.348 870.014
0 270.095 0

-2613.49 -414.348 870.012
0 270.141 0

-2614.28 -414.348 870.009
0 270.189 0

-2615.07 -414.348 870.006
0 270.236 0

-2615.85 -414.348 870.002
0 270.283 0

-2616.63 -414.348 869.997
180 270.329 180

-2617.39 -414.348 869.992
180 270.376 180

-2618.13 -414.348 869.987
180 270.423 180

-2618.85 -414.348 869.981
180 270.466 180

-2619.56 -414.348 869.975
180 270.509 180

-2620.24 -414.348 869.968
180 270.552 180

-2620.91 -414.348 869.961
180 270.588 180

-2621.57 -414.348 869.954
180 270.623 180

-2622.21 -414.348 869.947
180 270.654 180

-2622.84 -414.348 869.939
180 270.681 180

-2623.44 -414.348 869.932
180 270.704 180

-2624.03 -414.348 869.925
180 270.728 180

-2624.59 -414.348 869.917
180 270.743 180

-2625.14 -414.348 869.91
180 270.759 180

-2625.67 -414.348 869.903
180 270.775 180

-2626.19 -414.348 869.896
180 270.791 180

-2626.69 -414.348 869.888
180 270.806 180

-2627.18 -414.348 869.882
180 270.818 180

-2627.66 -414.348 869.875
180 270.829 180

-2628.11 -414.348 869.868
180 270.841 180

-2628.55 -414.348 869.861
180 270.853 180

-2628.98 -414.348 869.855
180 270.864 180

-2629.39 -414.348 869.849
180 270.876 180

-2629.78 -414.348 869.843
180 270.888 180

-2630.16 -414.348 869.837
180 270.899 180

-2630.52 -414.348 869.831
180 270.911 180

-2630.87 -414.348 869.825
180 270.923 180

-2631.21 -414.348 869.82
180 270.934 180

-2631.54 -414.348 869.814
180 270.946 180

-2631.86 -414.348 869.809
180 270.958 180

-2632.16 -414.348 869.804
180 270.969 180

-2632.45 -414.348 869.799
180 270.981 180

-2632.72 -414.348 869.794
180 270.992 180

-2632.97 -414.348 869.79
180 271.004 180

-2633.2 -414.348 869.786
180 271.016 180

-2633.41 -414.348 869.782
180 271.027 180

-2633.59 -414.348 869.779
180 271.039 180

-2633.76 -414.348 869.776
180 271.051 180

-2633.92 -414.348 869.773
180 271.062 180

-2634.06 -414.348 869.77
180 271.074 180

-2634.19 -414.348 869.768
180 271.086 180

-2634.31 -414.348 869.765
180 271.097 180

-2634.43 -414.348 869.763
180 271.109 180

-2634.53 -414.348 869.761
180 271.121 180

-2634.62 -414.348 869.759
180 271.132 180

-2634.7 -414.348 869.758
180 271.144 180

-2634.77 -414.348 869.756
180 271.156 180

-2634.82 -414.348 869.755
180 271.167 180

-2634.86 -414.348 869.754
180 271.179 180

-2634.89 -414.348 869.754
180 271.187 180

-2634.89 -414.348 869.754
180 271.195 180

-2634.87 -414.348 869.754
180 271.202 180

-2634.82 -414.348 869.755
180 271.21 180

-2634.74 -414.348 869.757
180 271.218 180

-2634.65 -414.348 869.759
180 271.226 180

-2634.53 -414.348 869.761
180 271.234 180

-2634.4 -414.348 869.764
180 271.241 180

-2634.24 -414.348 869.768
180 271.249 180

-2634.07 -414.348 869.771
180 271.257 180

-2633.88 -414.348 869.776
180 271.265 180

-2633.68 -414.348 869.78
180 271.272 180

-2633.46 -414.348 869.785
180 271.28 180

-2633.23 -414.348 869.79
180 271.288 180

-2632.98 -414.348 869.796
180 271.296 180

-2632.7 -414.348 869.802
180 271.304 180

-2632.41 -414.348 869.809
180 271.311 180

-2632.1 -414.348 869.816
180 271.319 180

-2631.79 -414.348 869.823
180 271.327 180

-2631.46 -414.348 869.831
180 271.335 180

-2631.13 -414.348 869.839
180 271.342 180

-2630.8 -414.348 869.846
180 271.35 180

-2630.46 -414.348 869.854
180 271.358 180

-2630.12 -414.348 869.863
180 271.366 180

-2629.77 -414.348 869.871
180 271.374 180

-2629.41 -414.348 869.88
180 271.382 180

-2629.05 -414.348 869.888
180 271.389 180

-2628.7 -414.348 869.897
180 271.397 180

-2628.34 -414.348 869.906
180 271.405 180

-2627.98 -414.348 869.915
180 271.413 180

-2627.63 -414.348 869.923
180 271.42 180

-2627.27 -414.348 869.932
180 271.428 180

-2626.91 -414.348 869.941
180 271.436 180

-2626.56 -414.348 869.95
180 271.444 180

-2626.2 -413.992 869.967
180 271.452 180

-2625.84 -413.635 869.984
180 271.459 180

-2625.49 -413.278 870.001
180 271.467 180

-2625.13 -412.921 870.018
180 271.475 180

-2624.77 -412.565 870.035
180 271.483 180

-2624.42 -412.208 870.052
180 271.491 180

-2624.06 -411.851 870.069
180 271.498 180

-2623.71 -411.494 870.086
180 271.506 180

-2623.35 -411.137 870.104
180 271.514 180

-2623.35 -410.781 870.111
180 271.514 180

-2623.35 -410.424 870.119
180 271.514 180

-2623.35 -410.067 870.127
180 271.514 180

-2623.35 -409.71 870.135
180 271.514 180

-2623.35 -409.354 870.143
180 271.514 180

-2623.35 -408.997 870.15
180 271.514 180

-2623.35 -408.64 870.158
180 271.514 180

-2623.35 -408.283 870.166
180 271.514 180

-2623.35 -407.926 870.174
180 271.514 180

-2623.35 -407.57 870.182
180 271.514 180

-2623.35 -407.213 870.19
180 271.514 180

-2623.35 -406.856 870.197
180 271.514 180

-2623.35 -406.499 870.205
180 271.514 180

-2623.35 -406.143 870.213
180 271.514 180

-2623.35 -405.786 870.221
180 271.514 180

-2623.35 -405.429 870.229
180 271.514 180

-2623.35 -405.072 870.236
180 271.514 180

-2623.35 -404.715 870.244
180 271.514 180

-2623.35 -404.359 870.252
180 271.514 180

-2623.35 -404.002 870.26
180 271.514 180

-2623.35 -403.645 870.268
180 271.514 180

-2623.35 -403.288 870.275
180 271.514 180

-2623.35 -402.924 870.283
180 271.514 180

-2623.35 -402.551 870.287
180 271.514 180

-2623.35 -402.174 870.291
180 271.514 180

-2623.35 -401.791 870.291
180 271.514 180

-2623.35 -401.4 870.291
180 271.514 180

-2623.35 -401.01 870.287
180 271.514 180

-2623.35 -400.614 870.283
180 271.514 180

-2623.35 -400.21 870.279
180 271.514 180

-2623.35 -399.796 870.272
180 271.514 180

-2623.35 -399.377 870.264
180 271.514 180

-2623.35 -398.944 870.252
180 271.514 180

-2623.35 -398.504 870.236
180 271.514 180

-2623.35 -398.062 870.221
180 271.514 180

-2623.35 -397.609 870.201
180 271.514 180

-2623.35 -397.155 870.182
180 271.514 180

-2623.35 -396.702 870.162
180 271.514 180

-2623.35 -396.241 870.143
180 271.514 180

-2623.35 -395.78 870.123
180 271.514 180

-2623.35 -395.317 870.104
180 271.514 180

-2623.35 -394.848 870.08
180 271.514 180

-2623.35 -394.379 870.057
180 271.514 180

-2623.35 -393.911 870.033
180 271.514 180

-2623.35 -393.434 870.002
180 271.514 180

-2623.35 -392.958 869.971
180 271.514 180

-2623.35 -392.471 869.94
180 271.514 180

-2623.34 -391.984 869.904
180 271.514 180

-2623.34 -391.486 869.869
180 271.514 180

-2623.34 -390.981 869.834
180 271.514 180

-2623.34 -390.468 869.799
180 271.514 180

-2623.34 -389.947 869.764
180 271.514 180

-2623.34 -389.416 869.725
180 271.514 180

-2623.34 -388.885 869.686
180 271.514 180

-2623.34 -388.346 869.647
180 271.514 180

-2623.34 -387.806 869.607
180 271.514 180

-2623.34 -387.26 869.568
180 271.514 180

-2623.33 -386.713 869.529
180 271.514 180

-2623.33 -386.166 869.49
180 271.514 180

-2623.33 -385.619 869.451
180 271.514 180

-2623.33 -385.067 869.412
180 271.514 180

-2623.33 -384.512 869.373
180 271.514 180

-2623.33 -383.957 869.334
180 271.514 180

-2623.33 -383.392 869.295
180 271.514 180

-2623.33 -382.827 869.256
180 271.514 180

-2623.33 -382.254 869.217
180 271.514 180

-2623.33 -381.681 869.178
180 271.514 180

-2623.32 -381.101 869.139
180 271.514 180

-2623.32 -380.52 869.1
180 271.514 180

-2623.32 -379.932 869.061
180 271.514 180

-2623.32 -379.343 869.022
180 271.514 180

-2623.32 -378.744 868.982
180 271.514 180

-2623.32 -378.145 868.943
180 271.514 180

-2623.32 -377.546 868.904
180 271.514 180

-2623.32 -376.947 868.865
180 271.514 180

-2623.32 -376.348 868.826
180 271.514 180

-2623.32 -375.749 868.787
180 271.514 180

-2623.32 -375.15 868.748
180 271.514 180

-2623.31 -374.551 868.709
180 271.514 180

-2623.31 -373.952 868.67
180 271.514 180

-2623.31 -373.353 868.631
180 271.514 180

-2623.31 -372.754 868.592
180 271.514 180

-2623.31 -372.155 868.553
180 271.514 180

-2623.31 -371.556 868.514
180 271.514 180

-2623.31 -370.957 868.475
180 271.514 180

-2623.31 -370.358 868.436
180 271.514 180

-2623.31 -369.759 868.397
180 271.514 180

-2623.31 -369.161 868.357
180 271.514 180

-2623.3 -368.554 868.318
180 271.514 180

-2623.3 -367.942 868.279
180 271.514 180

-2623.3 -367.327 868.24
180 271.514 180

-2623.3 -366.702 868.201
180 271.514 180

-2623.3 -366.077 868.164
180 271.514 180

-2623.3 -365.442 868.127
180 271.514 180

-2623.3 -364.806 868.09
180 271.514 180

-2623.3 -364.163 868.053
180 271.514 180

-2623.3 -363.515 868.016
180 271.514 180

-2623.3 -362.864 867.979
180 271.514 180

-2623.29 -362.202 867.941
180 271.514 180

-2623.29 -361.541 867.904
180 271.514 180

-2623.29 -360.871 867.867
180 271.514 180

-2623.29 -360.202 867.83
180 271.514 180

-2623.29 -359.533 867.793
180 271.514 180

-2623.29 -358.864 867.756
180 271.514 180

-2623.29 -358.194 867.719
180 271.514 180

-2623.29 -357.525 867.682
180 271.514 180

-2623.29 -356.851 867.645
180 271.514 180

-2623.29 -356.171 867.607
180 271.514 180

-2623.28 -355.491 867.57
180 271.514 180

-2623.28 -354.812 867.533
180 271.514 180

-2623.28 -354.127 867.496
180 271.514 180

-2623.28 -353.442 867.459
180 271.514 180

-2623.28 -352.757 867.422
180 271.514 180

-2623.28 -352.072 867.385
180 271.514 180

-2623.28 -351.387 867.348
180 271.514 180

-2623.28 -350.702 867.311
180 271.514 180

-2623.28 -350.017 867.273
180 271.514 180

-2623.28 -349.332 867.236
180 271.514 180

-2623.28 -348.647 867.199
180 271.514 180

-2623.27 -347.962 867.162
180 271.514 180

-2623.27 -347.278 867.125
180 271.514 180

-2623.27 -346.593 867.088
180 271.514 180

-2623.27 -345.908 867.051
180 271.514 180

-2623.27 -345.223 867.014
180 271.514 180

-2623.27 -344.538 866.977
180 271.514 180

-2623.27 -343.853 866.94
180 271.514 180

-2623.27 -343.168 866.902
180 271.514 180

-2623.27 -342.483 866.865
180 271.514 180

-2623.27 -341.798 866.828
180 271.514 180

-2623.26 -341.113 866.791
180 271.514 180

-2623.26 -340.428 866.754
180 271.514 180

-2623.26 -339.744 866.717
180 271.514 180

-2623.26 -339.059 866.68
180 271.514 180

-2623.26 -338.374 866.643
180 271.514 180

-2623.26 -337.689 866.606
180 271.514 180

-2623.26 -337.004 866.568
180 271.514 180

-2623.26 -336.319 866.531
180 271.514 180

-2623.26 -335.634 866.494
180 271.514 180

-2623.26 -334.949 866.457
180 271.514 180

-2623.25 -334.264 866.42
180 271.514 180

-2623.25 -333.579 866.383
180 271.514 180

-2623.25 -332.895 866.346
180 271.514 180

-2623.25 -332.21 866.309
180 271.514 180

-2623.25 -331.525 866.272
180 271.514 180

-2623.25 -330.84 866.234
180 271.514 180

-2623.25 -330.155 866.197
180 271.514 180

-2623.25 -329.47 866.16
180 271.514 180

-2623.25 -328.785 866.123
180 271.514 180

-2623.25 -328.1 866.086
180 271.514 180

-2623.24 -327.415 866.049
180 271.514 180

-2623.24 -326.73 866.012
180 271.514 180

-2623.24 -326.045 865.975
180 271.514 180

-2623.24 -325.361 865.938
180 271.514 180

-2623.24 -324.676 865.9
180 271.514 180

-2623.24 -323.991 865.863
180 271.514 180

-2623.24 -323.306 865.826
180 271.514 180

-2623.24 -322.621 865.789
180 271.514 180

-2623.24 -321.936 865.752
180 271.514 180

-2623.24 -321.251 865.715
180 271.514 180

-2623.24 -320.566 865.678
180 271.514 180

-2623.23 -319.881 865.641
180 271.514 180

-2623.23 -319.196 865.604
180 271.514 180

-2623.23 -318.512 865.566
180 271.514 180

-2623.23 -317.827 865.529
180 271.514 180

-2623.23 -317.142 865.492
180 271.514 180

-2623.23 -316.457 865.455
180 271.514 180

-2623.23 -315.772 865.418
180 271.514 180

-2623.23 -315.087 865.381
180 271.514 180

-2623.23 -314.402 865.344
180 271.514 180

-2623.23 -313.717 865.307
180 271.514 180

-2623.22 -313.032 865.27
180 271.514 180

-2623.22 -312.347 865.232
180 271.514 180

-2623.22 -311.662 865.195
180 271.514 180

-2623.22 -310.978 865.158
180 271.514 180

-2623.22 -310.293 865.121
180 271.514 180

-2623.22 -309.608 865.084
180 271.514 180

-2623.22 -308.923 865.047
180 271.514 180

-2623.22 -308.238 865.01
180 271.514 180

-2623.22 -307.553 864.973
180 271.514 180

-2623.22 -306.868 864.936
180 271.514 180

-2623.21 -306.183 864.898
180 271.514 180

-2623.21 -305.498 864.861
180 271.514 180

-2623.21 -304.813 864.824
180 271.514 180

-2623.21 -304.128 864.787
180 271.514 180

-2623.21 -303.444 864.75
180 271.514 180

-2623.21 -302.759 864.713
180 271.514 180

-2623.21 -302.074 864.676
180 271.514 180

-2623.21 -301.389 864.639
180 271.514 180

-2623.21 -300.704 864.602
180 271.514 180

-2623.21 -300.019 864.565
180 271.514 180

-2623.2 -299.334 864.527
180 271.514 180

-2623.2 -298.649 864.49
180 271.514 180

-2623.2 -297.964 864.453
180 271.514 180

-2623.2 -297.279 864.416
180 271.514 180

-2623.2 -296.595 864.379
180 271.514 180

-2623.2 -295.91 864.342
180 271.514 180

-2623.2 -295.225 864.305
180 271.514 180

-2623.2 -294.54 864.268
180 271.514 180

-2623.2 -293.855 864.231
180 271.514 180

-2623.2 -293.17 864.193
180 271.514 180

-2623.2 -292.485 864.156
180 271.514 180

-2623.19 -291.8 864.119
180 271.514 180

-2623.19 -291.115 864.082
180 271.514 180

-2623.19 -290.43 864.045
180 271.514 180

-2623.19 -289.745 864.008
180 271.514 180

-2623.19 -289.061 863.971
180 271.514 180

-2623.19 -288.376 863.934
180 271.514 180

-2623.19 -287.691 863.897
180 271.514 180

-2623.19 -287.006 863.859
180 271.514 180

-2623.19 -286.321 863.822
180 271.514 180

-2623.19 -285.636 863.785
180 271.514 180

-2623.18 -284.951 863.748
180 271.514 180

-2623.18 -284.266 863.711
180 271.514 180

-2623.18 -283.581 863.674
180 271.514 180

-2623.18 -282.896 863.637
180 271.514 180

-2623.18 -282.209 863.6
180 271.514 180

-2623.18 -281.508 863.559
180 271.514 180

-2623.18 -280.808 863.518
180 271.514 180

-2623.18 -280.097 863.477
180 271.514 180

-2623.18 -279.386 863.436
180 271.514 180

-2623.18 -278.667 863.391
180 271.514 180

-2623.17 -277.948 863.346
180 271.514 180

-2623.17 -277.23 863.301
180 271.514 180

-2623.17 -276.511 863.256
180 271.514 180

-2623.17 -275.792 863.211
180 271.514 180

-2623.17 -275.073 863.166
180 271.514 180

-2623.17 -274.355 863.121
180 271.514 180

-2623.17 -273.636 863.076
180 271.514 180

-2623.17 -272.917 863.031
180 271.514 180

-2623.16 -272.198 862.986
180 271.514 180

-2623.16 -271.48 862.941
180 271.514 180

-2623.16 -270.756 862.897
180 271.514 180

-2623.16 -270.032 862.852
180 271.514 180

-2623.16 -269.308 862.807
180 271.514 180

-2623.16 -268.576 862.762
180 271.514 180

-2623.16 -267.844 862.717
180 271.514 180

-2623.16 -267.112 862.672
180 271.514 180

-2623.15 -266.381 862.627
180 271.514 180

-2623.15 -265.649 862.582
180 271.514 180

-2623.15 -264.917 862.537
180 271.514 180

-2623.15 -264.185 862.492
180 271.514 180

-2623.15 -263.454 862.447
180 271.514 180

-2623.15 -262.722 862.402
180 271.514 180

-2623.15 -261.99 862.357
180 271.514 180

-2623.15 -261.258 862.313
180 271.514 180

-2623.14 -260.526 862.268
180 271.514 180

-2623.14 -259.795 862.223
180 271.514 180

-2623.14 -259.063 862.178
180 271.514 180

-2623.14 -258.331 862.133
180 271.514 180

-2623.14 -257.599 862.088
180 271.514 180

-2623.14 -256.868 862.043
180 271.514 180

-2623.14 -256.136 861.998
180 271.514 180

-2623.14 -255.404 861.953
180 271.514 180

-2623.14 -254.672 861.908
180 271.514 180

-2623.13 -253.94 861.863
180 271.514 180

-2623.13 -253.209 861.818
180 271.514 180

-2623.13 -252.477 861.773
180 271.514 180

-2623.13 -251.745 861.729
180 271.514 180

-2623.13 -251.013 861.684
180 271.514 180

-2623.13 -250.282 861.639
180 271.514 180

-2623.13 -249.55 861.594
180 271.514 180

-2623.13 -248.818 861.549
180 271.514 180

-2623.12 -248.086 861.504
180 271.514 180

-2623.12 -247.355 861.459
180 271.514 180

-2623.12 -246.623 861.414
180 271.514 180

-2623.12 -245.891 861.369
180 271.514 180

-2623.12 -245.159 861.324
180 271.514 180

-2623.12 -244.427 861.279
180 271.514 180

-2623.12 -243.696 861.234
180 271.514 180

-2623.12 -242.964 861.19
180 271.514 180

-2623.11 -242.232 861.145
180 271.514 180

-2623.11 -241.5 861.1
180 271.514 180

-2623.11 -240.769 861.055
180 271.514 180

-2623.11 -240.037 861.01
180 271.514 180

-2623.11 -239.305 860.965
180 271.514 180

-2623.11 -238.573 860.92
180 271.514 180

-2623.11 -237.842 860.875
180 271.514 180

-2623.11 -237.11 860.83
180 271.514 180

-2623.1 -236.378 860.785
180 271.514 180

-2623.1 -235.646 860.74
180 271.514 180

-2623.1 -234.915 860.695
180 271.514 180

-2623.1 -234.183 860.65
180 271.514 180

-2623.1 -233.451 860.606
180 271.514 180

-2623.1 -232.719 860.561
180 271.514 180

-2623.1 -231.987 860.516
180 271.514 180

-2623.1 -231.256 860.471
180 271.514 180

-2623.09 -230.524 860.426
180 271.514 180

-2623.09 -229.792 860.381
180 271.514 180

-2623.09 -229.06 860.336
180 271.514 180

-2623.09 -228.329 860.291
180 271.514 180

-2623.09 -227.597 860.246
180 271.514 180

-2623.09 -226.865 860.201
180 271.514 180

-2623.09 -226.133 860.156
180 271.514 180

-2623.09 -225.402 860.111
180 271.514 180

-2623.08 -224.67 860.066
180 271.514 180

-2623.08 -223.938 860.022
180 271.514 180

-2623.08 -223.206 859.977
180 271.514 180

-2623.08 -222.475 859.932
180 271.514 180

-2623.08 -221.743 859.887
180 271.514 180

-2623.08 -221.011 859.842
180 271.514 180

-2623.08 -220.279 859.797
180 271.514 180

-2623.08 -219.547 859.752
180 271.514 180

-2623.08 -218.816 859.707
180 271.514 180

-2623.07 -218.084 859.662
180 271.514 180

-2623.07 -217.352 859.617
180 271.514 180

-2623.07 -216.62 859.572
180 271.514 180

-2623.07 -215.889 859.527
180 271.514 180

-2623.07 -215.157 859.482
180 271.514 180

-2623.07 -214.425 859.438
180 271.514 180

-2623.07 -213.693 859.393
180 271.514 180

-2623.07 -212.962 859.348
180 271.514 180

-2623.06 -212.23 859.303
180 271.514 180

-2623.06 -211.498 859.258
180 271.514 180

-2623.06 -210.766 859.213
180 271.514 180

-2623.06 -210.035 859.168
180 271.514 180

-2623.06 -209.303 859.123
180 271.514 180

-2623.06 -208.571 859.078
180 271.514 180

-2623.06 -207.839 859.033
180 271.514 180

-2623.06 -207.107 858.988
180 271.514 180

-2623.05 -206.376 858.943
180 271.514 180

-2623.05 -205.644 858.898
180 271.514 180

-2623.05 -204.912 858.854
180 271.514 180

-2623.05 -204.18 858.809
180 271.514 180

-2623.05 -203.449 858.764
180 271.514 180

-2623.05 -202.717 858.719
180 271.514 180

-2623.05 -201.985 858.674
180 271.514 180

-2623.05 -201.253 858.629
180 271.514 180

-2623.04 -200.522 858.584
180 271.514 180

-2623.04 -199.79 858.539
180 271.514 180

-2623.04 -199.058 858.494
180 271.514 180

-2623.04 -198.326 858.449
180 271.514 180

-2623.04 -197.594 858.404
180 271.514 180

-2623.04 -196.863 858.359
180 271.514 180

-2623.04 -196.131 858.315
180 271.514 180

-2623.04 -195.399 858.27
180 271.514 180

-2623.03 -194.667 858.225
180 271.514 180

-2623.03 -193.936 858.18
180 271.514 180

-2623.03 -193.204 858.135
180 271.514 180

-2623.03 -192.472 858.09
180 271.514 180

-2623.03 -191.74 858.045
180 271.514 180

-2623.03 -191.009 858
180 271.514 180

-2623.03 -190.277 857.955
180 271.514 180

-2623.03 -189.545 857.91
180 271.514 180

-2623.03 -188.813 857.865
180 271.514 180

-2623.02 -188.082 857.82
180 271.514 180

-2623.02 -187.35 857.775
180 271.514 180

-2623.02 -186.618 857.731
180 271.514 180

-2623.02 -185.886 857.686
180 271.514 180

-2623.02 -185.154 857.641
180 271.514 180

-2623.02 -184.423 857.596
180 271.514 180

-2623.02 -183.691 857.551
180 271.514 180

-2623.02 -182.959 857.506
180 271.514 180

-2623.01 -182.227 857.461
180 271.514 180

-2623.01 -181.496 857.416
180 271.514 180

-2623.01 -180.764 857.371
180 271.514 180

-2623.01 -180.032 857.326
180 271.514 180

-2623.01 -179.3 857.281
180 271.514 180

-2623.01 -178.569 857.236
180 271.514 180

-2623.01 -177.837 857.191
180 271.514 180

-2623.01 -177.105 857.147
180 271.514 180

-2623 -176.373 857.102
180 271.514 180

-2623 -175.642 857.057
180 271.514 180

-2623 -174.91 857.012
180 271.514 180

-2623 -174.178 856.967
180 271.514 180

-2623 -173.446 856.922
180 271.514 180

-2623 -172.714 856.877
180 271.514 180

-2623 -171.983 856.832
180 271.514 180

-2623 -171.251 856.787
180 271.514 180

-2622.99 -170.519 856.742
180 271.514 180

-2622.99 -169.787 856.697
180 271.514 180

-2622.99 -169.056 856.652
180 271.514 180

-2622.99 -168.324 856.607
180 271.514 180

-2622.99 -167.592 856.563
180 271.514 180

-2622.99 -166.86 856.518
180 271.514 180

-2622.99 -166.129 856.473
180 271.514 180

-2622.99 -165.397 856.428
180 271.514 180

-2622.98 -164.665 856.383
180 271.514 180

-2622.98 -163.933 856.338
180 271.514 180

-2622.98 -163.201 856.293
180 271.514 180

-2622.98 -162.47 856.248
180 271.514 180

-2622.98 -161.738 856.203
180 271.514 180

-2622.98 -161.006 856.158
180 271.514 180

-2622.98 -160.274 856.113
180 271.514 180

-2622.98 -159.543 856.068
180 271.514 180

-2622.98 -158.811 856.023
180 271.514 180

-2622.97 -158.079 855.979
180 271.514 180

-2622.97 -157.347 855.934
180 271.514 180

-2622.97 -156.616 855.889
180 271.514 180

-2622.97 -155.884 855.844
180 271.514 180

-2622.97 -155.152 855.799
180 271.514 180

-2622.97 -154.42 855.754
180 271.514 180

-2622.97 -153.689 855.709
180 271.514 180

-2622.97 -152.957 855.664
180 271.514 180

-2622.96 -152.225 855.619
180 271.514 180

-2622.96 -151.493 855.574
180 271.514 180

-2622.96 -150.761 855.529
180 271.514 180

-2622.96 -150.03 855.484
180 271.514 180

-2622.96 -149.298 855.44
180 271.514 180

-2622.96 -148.566 855.395
180 271.514 180

-2622.96 -147.834 855.35
180 271.514 180

-2622.96 -147.103 855.305
180 271.514 180

-2622.95 -146.371 855.26
180 271.514 180

-2622.95 -145.639 855.215
180 271.514 180

-2622.95 -144.907 855.17
180 271.514 180

-2622.95 -144.176 855.125
180 271.514 180

-2622.95 -143.444 855.08
180 271.514 180

-2622.95 -142.712 855.035
180 271.514 180

-2622.95 -141.98 854.99
180 271.514 180

-2622.95 -141.249 854.945
180 271.514 180

-2622.94 -140.517 854.9
180 271.514 180

-2622.94 -139.785 854.856
180 271.514 180

-2622.94 -139.053 854.811
180 271.514 180

-2622.94 -138.321 854.766
180 271.514 180

-2622.94 -137.59 854.721
180 271.514 180

-2622.94 -136.858 854.676
180 271.514 180

-2622.94 -136.126 854.631
180 271.514 180

-2622.94 -135.394 854.586
180 271.514 180

-2622.93 -134.663 854.541
180 271.514 180

-2622.93 -133.931 854.496
180 271.514 180

-2622.93 -133.199 854.451
180 271.514 180

-2622.93 -132.467 854.406
180 271.514 180

-2622.93 -131.736 854.361
180 271.514 180

-2622.93 -131.004 854.316
180 271.514 180

-2622.93 -130.272 854.272
180 271.514 180

-2622.93 -129.54 854.227
180 271.514 180

-2622.93 -128.809 854.182
180 271.514 180

-2622.92 -128.077 854.137
180 271.514 180

-2622.92 -127.345 854.092
180 271.514 180

-2622.92 -126.613 854.047
180 271.514 180

-2622.92 -125.881 854.002
180 271.514 180

-2622.92 -125.15 853.957
180 271.514 180

-2622.92 -124.418 853.912
180 271.514 180

-2622.92 -123.686 853.867
180 271.514 180

-2622.92 -122.954 853.822
180 271.514 180

-2622.91 -122.223 853.777
180 271.514 180

-2622.91 -121.491 853.732
180 271.514 180

-2622.91 -120.759 853.688
180 271.514 180

-2622.91 -120.027 853.643
180 271.514 180

-2622.91 -119.295 853.598
180 271.514 180

-2622.91 -118.564 853.553
180 271.514 180

-2622.91 -117.832 853.508
180 271.514 180

-2622.91 -117.1 853.463
180 271.514 180

-2622.9 -116.368 853.418
180 271.514 180

-2622.9 -115.637 853.373
180 271.514 180

-2622.9 -114.905 853.328
180 271.514 180

-2622.9 -114.173 853.283
180 271.514 180

-2622.9 -113.441 853.238
180 271.514 180

-2622.9 -112.709 853.193
180 271.514 180

-2622.9 -111.978 853.148
180 271.514 180

-2622.9 -111.246 853.104
180 271.514 180

-2622.89 -110.514 853.059
180 271.514 180

-2622.89 -109.782 853.014
180 271.514 180

-2622.89 -109.051 852.969
180 271.514 180

-2622.89 -108.319 852.924
180 271.514 180

-2622.89 -107.587 852.879
180 271.514 180

-2622.89 -106.855 852.834
180 271.514 180

-2622.89 -106.124 852.789
180 271.514 180

-2622.89 -105.392 852.744
180 271.514 180

-2622.88 -104.66 852.699
180 271.514 180

-2622.88 -103.928 852.654
180 271.514 180

-2622.88 -103.196 852.609
180 271.514 180

-2622.88 -102.465 852.565
180 271.514 180

-2622.88 -101.733 852.52
180 271.514 180

-2622.88 -101.001 852.475
180 271.514 180

-2622.88 -100.269 852.43
180 271.514 180

-2622.88 -99.5376 852.385
180 271.514 180

-2622.88 -98.8058 852.34
180 271.514 180

-2622.87 -98.074 852.295
180 271.514 180

-2622.87 -97.3423 852.25
180 271.514 180

-2622.87 -96.6105 852.205
180 271.514 180

-2622.87 -95.8787 852.16
180 271.514 180

-2622.87 -95.1469 852.115
180 271.514 180

-2622.87 -94.4152 852.07
180 271.514 180

-2622.87 -93.6834 852.025
180 271.514 180

-2622.87 -92.9516 851.981
180 271.514 180

-2622.86 -92.2198 851.936
180 271.514 180

-2622.86 -91.4881 851.891
180 271.514 180

-2622.86 -90.7563 851.846
180 271.514 180

-2622.86 -90.0245 851.801
180 271.514 180

-2622.86 -89.2927 851.756
180 271.514 180

-2622.86 -88.561 851.711
180 271.514 180

-2622.86 -87.8292 851.666
180 271.514 180

-2622.86 -87.0974 851.621
180 271.514 180

-2622.85 -86.3657 851.576
180 271.514 180

-2622.85 -85.6339 851.531
180 271.514 180

-2622.85 -84.9021 851.486
180 271.514 180

-2622.85 -84.1703 851.441
180 271.514 180

-2622.85 -83.4386 851.397
180 271.514 180

-2622.85 -82.7068 851.352
180 271.514 180

-2622.85 -81.975 851.307
180 271.514 180

-2622.85 -81.2432 851.262
180 271.514 180

-2622.84 -80.5115 851.217
180 271.514 180

-2622.84 -79.7797 851.172
180 271.514 180

-2622.84 -79.0479 851.127
180 271.514 180

-2622.84 -78.3161 851.082
180 271.514 180

-2622.84 -77.5844 851.037
180 271.514 180

-2622.84 -76.8526 850.992
180 271.514 180

-2622.84 -76.1208 850.947
180 271.514 180

-2622.84 -75.3891 850.902
180 271.514 180

-2622.83 -74.6573 850.857
180 271.514 180

-2622.83 -73.9255 850.813
180 271.514 180

-2622.83 -73.1937 850.768
180 271.514 180

-2622.83 -72.462 850.723
180 271.514 180

-2622.83 -71.7302 850.678
180 271.514 180

-2622.83 -70.9984 850.633
180 271.514 180

-2622.83 -70.2666 850.588
180 271.514 180

-2622.83 -69.5349 850.543
180 271.514 180

-2622.82 -68.8031 850.498
180 271.514 180

-2622.82 -68.0713 850.453
180 271.514 180

-2622.82 -67.3395 850.408
180 271.514 180

-2622.82 -66.6078 850.363
180 271.514 180

-2622.82 -65.876 850.318
180 271.514 180

-2622.82 -65.1442 850.273
180 271.514 180

-2622.82 -64.4125 850.229
180 271.514 180

-2622.82 -63.6807 850.184
180 271.514 180

-2622.82 -62.9489 850.139
180 271.514 180

-2622.81 -62.2171 850.094
180 271.514 180

-2622.81 -61.4854 850.049
180 271.514 180

-2622.81 -60.7536 850.004
180 271.514 180

-2622.81 -60.0218 849.959
180 271.514 180

-2622.81 -59.2901 849.914
180 271.514 180

-2622.81 -58.5583 849.869
180 271.514 180

-2622.81 -57.8265 849.824
180 271.514 180

-2622.81 -57.0948 849.779
180 271.514 180

-2622.8 -56.363 849.734
180 271.514 180

-2622.8 -55.6312 849.69
180 271.514 180

-2622.8 -54.8994 849.645
180 271.514 180

-2622.8 -54.1677 849.6
180 271.514 180

-2622.8 -53.4359 849.555
180 271.514 180

-2622.8 -52.7041 849.51
180 271.514 180

-2622.8 -51.9724 849.465
180 271.514 180

-2622.8 -51.2406 849.42
180 271.514 180

-2622.79 -50.5088 849.375
180 271.514 180

-2622.79 -49.7771 849.33
180 271.514 180

-2622.79 -49.0453 849.285
180 271.514 180

-2622.79 -48.3135 849.24
180 271.514 180

-2622.79 -47.5818 849.195
180 271.514 180

-2622.79 -46.85 849.15
180 271.514 180

-2622.79 -46.1182 849.106
180 271.514 180

-2622.79 -45.3864 849.061
180 271.514 180

-2622.78 -44.6547 849.016
180 271.514 180

-2622.78 -43.9229 848.971
180 271.514 180

-2622.78 -43.1911 848.926
180 271.514 180

-2622.78 -42.4594 848.881
180 271.514 180

-2622.78 -41.7276 848.836
180 271.514 180

-2622.78 -40.9958 848.791
180 271.514 180

-2622.78 -40.2641 848.746
180 271.514 180

-2622.78 -39.5323 848.701
180 271.514 180

-2622.77 -38.8005 848.656
180 271.514 180

-2622.77 -38.0687 848.611
180 271.514 180

-2622.77 -37.337 848.566
180 271.514 180

-2622.77 -36.6052 848.522
180 271.514 180

-2622.77 -35.8734 848.477
180 271.514 180

-2622.77 -35.1417 848.432
180 271.514 180

-2622.77 -34.4099 848.387
180 271.514 180

-2622.77 -33.6781 848.342
180 271.514 180

-2622.77 -32.9464 848.297
180 271.514 180

-2622.76 -32.2146 848.252
180 271.514 180

-2622.76 -31.4828 848.207
180 271.514 180

-2622.76 -30.751 848.162
180 271.514 180

-2622.76 -30.0193 848.117
180 271.514 180

-2622.76 -29.2875 848.072
180 271.514 180

-2622.76 -28.5557 848.027
180 271.514 180

-2622.76 -27.824 847.982
180 271.514 180

-2622.76 -27.0922 847.938
180 271.514 180

-2622.75 -26.3604 847.893
180 271.514 180

-2622.75 -25.6286 847.848
180 271.514 180

-2622.75 -24.8969 847.803
180 271.514 180

-2622.75 -24.1651 847.758
180 271.514 180

-2622.75 -23.4333 847.713
180 271.514 180

-2622.75 -22.7016 847.668
180 271.514 180

-2622.75 -21.9698 847.623
180 271.514 180

-2622.75 -21.238 847.578
180 271.514 180

-2622.74 -20.5062 847.533
180 271.514 180

-2622.74 -19.7745 847.488
180 271.514 180

-2622.74 -19.0427 847.443
180 271.514 180

-2622.74 -18.3109 847.398
180 271.514 180

-2622.74 -17.5792 847.354
180 271.514 180

-2622.74 -16.8474 847.309
180 271.514 180

-2622.74 -16.1156 847.264
180 271.514 180

-2622.74 -15.3838 847.219
180 271.514 180

-2622.73 -14.6521 847.174
180 271.514 180

-2622.73 -13.9203 847.129
180 271.514 180

-2622.73 -13.1885 847.084
180 271.514 180

-2622.73 -12.4568 847.039
180 271.514 180

-2622.73 -11.725 846.994
180 271.514 180

-2622.73 -10.9932 846.949
180 271.514 180

-2622.73 -10.2615 846.904
180 271.514 180

-2622.73 -9.52969 846.859
180 271.514 180

-2622.72 -8.79791 846.815
180 271.514 180

-2622.72 -8.06614 846.77
180 271.514 180

-2622.72 -7.33437 846.725
180 271.514 180

-2622.72 -6.6026 846.68
180 271.514 180

-2622.72 -5.87083 846.635
180 271.514 180

-2622.72 -5.13906 846.59
180 271.514 180

-2622.72 -4.40729 846.545
180 271.514 180

-2622.72 -3.67552 846.5
180 271.514 180

-2622.72 -2.94375 846.455
180 271.514 180

-2622.71 -2.21198 846.41
180 271.514 180

-2622.71 -1.48021 846.365
180 271.514 180

-2622.71 -0.748435 846.32
180 271.514 180

-2622.71 -0.0166644 846.275
180 271.514 180

-2622.71 0.715106 846.231
180 271.514 180

-2622.71 1.44688 846.186
180 271.514 180

-2622.71 2.17865 846.141
180 271.514 180

-2622.71 2.91042 846.096
180 271.514 180

-2622.7 3.64219 846.051
180 271.514 180

-2622.7 4.37396 846.006
180 271.514 180

-2622.7 5.10573 845.961
180 271.514 180

-2622.7 5.8375 845.916
180 271.514 180

-2622.7 6.56927 845.871
180 271.514 180

-2622.7 7.30104 845.826
180 271.514 180

-2622.7 8.03281 845.781
180 271.514 180

-2622.7 8.76459 845.736
180 271.514 180

-2622.69 9.49636 845.691
180 271.514 180

-2622.69 10.2281 845.647
180 271.514 180

-2622.69 10.9599 845.602
180 271.514 180

-2622.69 11.6917 845.557
180 271.514 180

-2622.69 12.4234 845.512
180 271.514 180

-2622.69 13.1552 845.467
180 271.514 180

-2622.69 13.887 845.422
180 271.514 180

-2622.69 14.6187 845.377
180 271.514 180

-2622.68 15.3505 845.332
180 271.514 180

-2622.68 16.0823 845.287
180 271.514 180

-2622.68 16.8141 845.242
180 271.514 180

-2622.68 17.5458 845.197
180 271.514 180

-2622.68 18.2776 845.152
180 271.514 180

-2622.68 19.0094 845.107
180 271.514 180

-2622.68 19.7411 845.063
180 271.514 180

-2622.68 20.4729 845.018
180 271.514 180

-2622.67 21.2047 844.973
180 271.514 180

-2622.67 21.9365 844.928
180 271.514 180

-2622.67 22.6682 844.883
180 271.514 180

-2622.67 23.4 844.838
180 271.514 180

-2622.67 24.1318 844.793
180 271.514 180

-2622.67 24.8635 844.748
180 271.514 180

-2622.67 25.5953 844.703
180 271.514 180

-2622.67 26.3271 844.658
180 271.514 180

-2622.67 27.0589 844.613
180 271.514 180

-2622.66 27.7906 844.568
180 271.514 180

-2622.66 28.5224 844.523
180 271.514 180

-2622.66 29.2542 844.479
180 271.514 180

-2622.66 29.9859 844.434
180 271.514 180

-2622.66 30.7177 844.389
180 271.514 180

-2622.66 31.4495 844.344
180 271.514 180

-2622.66 32.1813 844.299
180 271.514 180

-2622.66 32.913 844.254
180 271.514 180

-2622.65 33.6448 844.209
180 271.514 180

-2622.65 34.3766 844.164
180 271.514 180

-2622.65 35.1083 844.119
180 271.514 180

-2622.65 35.8401 844.074
180 271.514 180

-2622.65 36.5719 844.029
180 271.514 180

-2622.65 37.3036 843.984
180 271.514 180

-2622.65 38.0354 843.94
180 271.514 180

-2622.65 38.7672 843.895
180 271.514 180

-2622.65 38.7672 843.895
180 271.514 180

-2622.65 38.7672 843.895
180 271.514 180

-2622.65 38.7672 843.895
180 271.514 180

-2622.65 38.7672 843.895
180 271.514 180

-2622.65 38.7672 843.895
180 271.514 180

-2622.65 38.7672 843.895
180 271.514 180

-2622.65 38.7672 843.895
180 271.514 180

-2622.65 38.7672 843.895
180 271.514 180

-2622.65 38.7672 843.895
180 271.514 180

-2622.65 38.7672 843.895
180 271.514 180

-2622.65 38.7672 843.895
180 271.514 180

-2622.65 38.7672 843.895
180 271.514 180

-2622.65 38.7672 843.895
180 271.514 180

-2622.65 38.7672 843.895
180 271.514 180

-2622.65 38.7672 843.895
180 271.514 180

-2622.65 38.7672 843.895
180 271.514 180

-2622.65 38.7672 843.895
180 271.514 180

-2622.65 38.7672 843.895
180 271.514 180

-2622.65 38.7672 843.895
180 271.514 180

-2622.65 38.7672 843.895
180 271.514 180

-2622.65 38.7672 843.895
180 271.514 180

-2622.65 38.7672 843.895
180 271.514 180

-2622.65 38.7672 843.895
180 271.514 180

-2622.65 38.7672 843.895
180 271.514 180

-2622.65 38.7672 843.895
180 271.514 180

-2622.65 38.7672 843.895
180 271.514 180

-2622.65 38.7672 843.895
180 271.514 180

-2622.65 38.7672 843.895
180 271.514 180

-2622.65 38.7672 843.895
180 271.514 180

-2622.65 38.7672 843.895
180 271.514 180

-2622.65 38.7672 843.895
180 271.514 180

-2622.65 38.7672 843.895
180 271.514 180

-2622.65 38.7672 843.895
180 271.514 180

-2622.65 38.7672 843.895
180 271.514 180

-2622.65 38.7672 843.895
180 271.514 180

-2622.65 38.7672 843.895
180 271.514 180

-2622.65 38.7672 843.895
180 271.514 180

-2622.65 38.7672 843.895
180 271.514 180

-2622.65 38.7672 843.895
180 271.514 180

-2622.65 38.7672 843.895
180 271.514 180

-2622.65 38.7672 843.895
180 271.514 180

-2622.65 38.7672 843.895
180 271.514 180

-2622.65 38.7672 843.895
180 271.514 180

-2622.65 38.7672 843.895
180 271.514 180

-2622.65 38.7672 843.895
180 271.514 180

-2622.65 38.7672 843.895
180 271.514 180

-2622.65 38.7672 843.895
180 271.514 180

-2622.65 38.7672 843.895
180 271.514 180

-2622.65 38.7672 843.895
180 271.514 180

-2622.65 38.7672 843.895
180 271.514 180

-2622.65 38.7672 843.895
180 271.514 180

-2622.65 38.7672 843.895
180 271.514 180

-2622.65 38.7672 843.895
180 271.514 180

-2622.65 38.7672 843.895
180 271.514 180

-2622.65 38.7672 843.895
180 271.514 180

-2622.65 38.7672 843.895
180 271.514 180

-2622.65 38.7672 843.895
180 271.514 180

-2622.65 38.7672 843.895
180 271.514 180

-2622.64 38.499 843.824
180 271.514 180

-2622.64 38.2307 843.754
180 271.514 180

-2622.64 37.9365 843.662
180 271.514 180

-2622.64 37.6344 843.563
180 271.514 180

-2622.63 37.3323 843.463
180 271.514 180

-2622.63 37.0302 843.364
180 271.514 180

-2622.63 36.7281 843.264
180 271.514 180

-2622.63 36.426 843.164
180 271.514 180

-2622.62 36.124 843.065
180 271.514 180

-2622.62 35.8219 842.965
180 271.514 180

-2622.62 35.5198 842.866
180 271.514 180

-2622.61 35.2177 842.766
180 271.514 180

-2622.61 35.2177 842.766
180 271.514 180

-2622.61 35.2177 842.766
180 271.514 180

-2622.61 35.2177 842.766
180 271.514 180

-2622.61 35.2177 842.766
180 271.514 180

-2622.61 35.2177 842.766
180 271.514 180

-2622.61 35.2177 842.766
180 271.514 180

-2622.61 35.2177 842.766
180 271.514 180

-2622.61 35.2177 842.766
180 271.514 180

-2622.61 35.2177 842.766
180 271.514 180

-2622.61 34.9156 842.667
180 271.514 180

-2622.61 34.6136 842.567
180 271.514 180

-2622.61 34.3115 842.468
180 271.514 180

-2622.6 34.0094 842.368
180 271.514 180

-2622.6 33.7073 842.269
180 271.514 180

-2622.6 33.4052 842.171
180 271.514 180

-2622.6 33.1031 842.091
180 271.514 180

-2622.6 33.1031 842.091
180 271.514 180

-2622.6 33.1031 842.091
180 271.514 180

-2622.6 33.1031 842.091
180 271.514 180

-2622.6 33.1031 842.091
180 271.514 180

-2622.6 33.1031 842.091
180 271.514 180

-2622.6 32.7985 842.153
180 271.514 180

-2622.6 32.4938 842.216
180 271.514 180

-2622.6 32.1891 842.28
180 271.514 180

-2622.6 31.8818 842.351
180 271.514 180

-2622.61 31.5693 842.433
180 271.514 180

-2622.61 31.2568 842.515
180 271.514 180

-2622.61 30.9443 842.597
180 271.514 180

-2622.61 30.9443 842.597
180 271.514 180

-2622.61 30.9443 842.597
180 271.514 180

-2622.61 30.9443 842.597
180 271.514 180

-2622.61 30.9443 842.597
180 271.514 180

-2622.61 30.9443 842.597
180 271.514 180

-2622.61 30.9443 842.597
180 271.514 180

-2622.61 30.6318 842.694
180 271.514 180

-2622.62 30.3193 842.792
180 271.514 180

-2622.62 30.0068 842.89
180 271.514 180

-2622.62 29.6943 842.987
180 271.514 180

-2622.62 29.3818 843.085
180 271.514 180

-2622.63 29.0693 843.182
180 271.514 180

-2622.63 28.7568 843.28
180 271.514 180

-2622.63 28.4443 843.378
180 271.514 180

-2622.63 28.4443 843.378
180 271.514 180

-2622.63 28.4443 843.378
180 271.514 180

-2622.63 28.4443 843.378
180 271.514 180

-2622.63 28.4443 843.378
180 271.514 180

-2622.63 28.4443 843.378
180 271.514 180

-2622.63 28.4443 843.378
180 271.514 180

-2622.63 28.4443 843.378
180 271.514 180

-2622.63 28.4443 843.378
180 271.514 180

-2622.63 28.4443 843.378
180 271.514 180

-2622.63 28.4443 843.378
180 271.514 180

-2622.63 28.4443 843.378
180 271.514 180

-2622.63 28.4443 843.378
180 271.514 180

-2622.63 28.4443 843.378
180 271.514 180

-2622.63 28.4443 843.378
180 271.514 180

-2622.63 28.4443 843.378
180 271.514 180

-2622.63 28.4443 843.378
180 271.514 180

-2622.63 28.4443 843.378
180 271.514 180

-2622.63 28.4443 843.378
180 271.514 180

-2622.63 28.4443 843.378
180 271.514 180

-2622.63 28.4443 843.378
180 271.514 180

-2622.63 28.4443 843.378
180 271.514 180

-2622.63 28.4443 843.378
180 271.514 180

-2622.63 28.4443 843.378
180 271.514 180

-2622.63 28.4443 843.378
180 271.514 180

-2622.63 28.4443 843.378
180 271.514 180

-2622.63 28.4443 843.378
180 271.514 180

-2622.63 28.4443 843.378
180 271.514 180

-2622.63 28.4443 843.378
180 271.514 180

-2622.63 28.4443 843.378
180 271.514 180

-2622.63 28.4443 843.378
180 271.514 180

-2622.63 28.4443 843.378
180 271.514 180

-2622.63 28.4443 843.378
180 271.514 180

-2622.63 28.4443 843.378
180 271.514 180

-2622.63 28.4443 843.378
180 271.514 180

