1285 260.959 30.954 -24.3915
180 85.591 180

260.959 30.954 -24.3915
180 85.591 180

260.959 30.954 -24.3915
180 85.591 180

260.959 30.954 -24.3915
180 85.591 180

260.959 30.954 -24.3915
180 85.591 180

260.959 30.954 -24.3915
180 85.591 180

260.959 30.954 -24.3915
180 85.591 180

260.959 30.954 -24.3915
180 85.591 180

260.959 30.954 -24.3915
180 85.591 180

260.959 30.954 -24.3915
180 85.591 180

260.959 30.954 -24.3915
180 85.591 180

260.959 30.954 -24.3915
180 85.591 180

260.959 30.954 -24.3915
180 85.591 180

260.959 30.954 -24.3915
180 85.591 180

260.959 30.954 -24.3915
180 85.591 180

260.959 30.954 -24.3915
180 85.591 180

260.959 30.954 -24.3915
180 85.591 180

260.959 30.954 -24.3915
180 85.591 180

260.959 30.954 -24.3915
180 85.591 180

260.959 30.954 -24.3915
180 85.591 180

260.959 30.954 -24.3915
180 85.591 180

260.959 30.954 -24.3915
180 85.591 180

260.959 30.954 -24.3915
180 85.591 180

260.959 30.954 -24.3915
180 85.591 180

260.959 30.954 -24.3915
180 85.591 180

260.959 30.954 -24.3915
180 85.591 180

260.959 30.954 -24.3915
180 85.591 180

260.959 30.954 -24.3915
180 85.591 180

260.959 30.954 -24.3915
180 85.591 180

260.959 30.954 -24.3915
180 85.591 180

260.959 30.954 -24.3915
180 85.591 180

260.959 30.954 -24.3915
180 85.591 180

260.959 30.954 -24.3915
180 85.591 180

260.959 30.954 -24.3915
180 85.591 180

260.959 30.954 -24.3915
180 85.591 180

260.959 30.954 -24.3915
180 85.591 180

260.959 30.954 -24.3915
180 85.591 180

260.959 30.954 -24.3915
180 85.591 180

260.959 30.954 -24.3915
180 85.591 180

260.959 30.954 -24.3915
180 85.591 180

260.959 30.954 -24.3915
180 85.591 180

260.959 30.954 -24.3915
180 85.591 180

260.959 30.954 -24.3915
180 85.591 180

260.959 30.954 -24.3915
180 85.591 180

260.959 30.954 -24.3915
180 85.591 180

260.959 30.954 -24.3915
180 85.591 180

260.959 30.954 -24.3915
180 85.591 180

260.959 30.954 -24.3915
180 85.591 180

260.959 30.954 -24.3915
180 85.591 180

260.959 30.954 -24.3915
180 85.591 180

260.959 30.954 -24.3915
180 85.591 180

260.959 30.954 -24.3915
180 85.591 180

260.959 30.954 -24.3915
180 85.591 180

260.959 30.954 -24.3915
180 85.591 180

260.959 30.954 -24.3915
180 85.591 180

260.959 30.954 -24.3915
180 85.591 180

260.959 30.954 -24.3915
180 85.591 180

260.959 30.954 -24.3915
180 85.591 180

260.959 30.954 -24.3915
180 85.591 180

260.959 30.954 -24.3915
180 85.591 180

260.416 30.954 -24.3497
180 85.6004 180

259.872 30.954 -24.308
180 85.6098 180

259.329 30.954 -24.2664
180 85.6192 180

258.786 30.954 -24.2248
180 85.6286 180

258.242 30.954 -24.1834
180 85.6379 180

257.699 30.954 -24.142
180 85.6473 180

257.156 30.954 -24.1008
180 85.6567 180

256.612 30.954 -24.0596
180 85.6661 180

256.069 30.954 -24.0185
180 85.6755 180

255.526 30.954 -23.9775
180 85.6848 180

254.982 30.954 -23.9366
180 85.6942 180

254.439 30.954 -23.8957
180 85.7036 180

253.895 30.954 -23.855
180 85.713 180

253.352 30.954 -23.8144
180 85.7224 180

252.809 30.954 -23.7738
180 85.7318 180

252.265 30.954 -23.7333
180 85.7412 180

251.722 30.954 -23.693
180 85.7506 180

251.178 30.954 -23.6527
180 85.7599 180

250.635 30.954 -23.6125
180 85.7693 180

250.091 30.954 -23.5724
180 85.7787 180

249.548 30.954 -23.5323
180 85.7881 180

249.005 30.954 -23.4924
180 85.7975 180

248.461 30.954 -23.4526
180 85.8069 180

247.918 30.954 -23.4128
180 85.8163 180

247.374 30.954 -23.3731
180 85.8257 180

246.831 30.954 -23.3336
180 85.8351 180

246.287 30.954 -23.2941
180 85.8444 180

245.744 30.954 -23.2547
180 85.8538 180

245.2 30.954 -23.2154
180 85.8632 180

244.657 30.954 -23.1762
180 85.8726 180

244.113 30.954 -23.137
180 85.882 180

243.57 30.954 -23.098
180 85.8913 180

243.026 30.954 -23.059
180 85.9007 180

242.483 30.954 -23.0202
180 85.9101 180

241.939 30.954 -22.9814
180 85.9195 180

241.395 30.954 -22.9427
180 85.9289 180

240.852 30.954 -22.9041
180 85.9383 180

240.308 30.954 -22.8656
180 85.9476 180

239.765 30.954 -22.8272
180 85.957 180

239.221 30.954 -22.7888
180 85.9664 180

238.678 30.954 -22.7506
180 85.9758 180

238.134 30.954 -22.7125
180 85.9852 180

237.59 30.954 -22.6744
180 85.9946 180

237.047 30.954 -22.6364
180 86.004 180

236.503 30.954 -22.5985
180 86.0134 180

235.96 30.954 -22.5607
180 86.0228 180

235.416 30.954 -22.523
180 86.0321 180

234.872 30.954 -22.4854
180 86.0415 180

234.329 30.954 -22.4479
180 86.0509 180

233.785 30.954 -22.4104
180 86.0603 180

233.241 30.954 -22.3731
180 86.0697 180

232.698 30.954 -22.3358
180 86.0791 180

232.154 30.954 -22.2987
180 86.0885 180

231.611 30.954 -22.2616
180 86.0979 180

231.067 30.954 -22.2246
180 86.1073 180

230.523 30.954 -22.1877
180 86.1166 180

229.98 30.954 -22.1509
180 86.126 180

229.436 30.954 -22.1141
180 86.1354 180

228.888 30.954 -22.0772
180 86.1448 180

228.339 30.954 -22.0403
180 86.1542 180

227.787 30.954 -22.0033
180 86.1636 180

227.236 30.954 -21.9664
180 86.173 180

226.682 30.954 -21.9295
180 86.1823 180

226.127 30.954 -21.8925
180 86.1917 180

225.569 30.954 -21.8555
180 86.2011 180

225.01 30.954 -21.8184
180 86.2105 180

224.447 30.954 -21.7812
180 86.2199 180

223.88 30.954 -21.7438
180 86.2261 180

223.313 30.954 -21.7065
180 86.2324 180

222.744 30.954 -21.6691
180 86.2386 180

222.174 30.954 -21.6317
180 86.2449 180

221.605 30.954 -21.5944
180 86.2511 180

221.036 30.954 -21.5572
180 86.2574 180

220.465 30.954 -21.5199
180 86.2636 180

219.892 30.954 -21.4825
180 86.2699 180

219.319 30.954 -21.4453
180 86.2761 180

218.744 30.954 -21.4079
180 86.2824 180

218.169 30.954 -21.3706
180 86.2887 180

217.592 30.954 -21.3332
180 86.2949 180

217.014 30.954 -21.2958
180 86.3011 180

216.431 30.954 -21.2582
180 86.3074 180

215.846 30.954 -21.2205
180 86.3136 180

215.259 30.954 -21.1828
180 86.3199 180

214.671 30.954 -21.145
180 86.3261 180

214.08 30.954 -21.1071
180 86.3324 180

213.486 30.954 -21.0691
180 86.3386 180

212.887 30.954 -21.0309
180 86.3449 180

212.289 30.954 -20.9927
180 86.3512 180

211.687 30.954 -20.9544
180 86.3574 180

211.084 30.954 -20.9161
180 86.3636 180

210.48 30.954 -20.8778
180 86.3699 180

209.876 30.954 -20.8395
180 86.3777 180

209.266 30.954 -20.801
180 86.3856 180

208.654 30.954 -20.7624
180 86.3934 180

208.04 30.954 -20.7238
180 86.4012 180

207.424 30.954 -20.6851
180 86.409 180

206.806 30.954 -20.6464
180 86.4168 180

206.186 30.954 -20.6077
180 86.4247 180

205.566 30.954 -20.569
180 86.4325 180

204.942 30.954 -20.5302
180 86.4403 180

204.316 30.954 -20.4914
180 86.4481 180

203.691 30.954 -20.4526
180 86.456 180

203.063 30.954 -20.4138
180 86.4638 180

202.431 30.954 -20.3749
180 86.4716 180

201.796 30.954 -20.3358
180 86.4794 180

201.156 30.954 -20.2966
180 86.4872 180

200.515 30.954 -20.2573
180 86.495 180

199.87 30.954 -20.2178
180 86.4997 180

199.222 30.954 -20.1783
180 86.5044 180

198.575 30.954 -20.1388
180 86.5091 180

197.926 30.954 -20.0992
180 86.5138 180

197.275 30.954 -20.0596
180 86.5185 180

196.624 30.954 -20.0201
180 86.5232 180

195.971 30.954 -19.9804
180 86.5278 180

195.316 30.954 -19.9407
180 86.5325 180

194.659 30.954 -19.901
180 86.5372 180

193.996 30.954 -19.8609
180 86.5419 180

193.329 30.954 -19.8207
180 86.5466 180

192.652 30.954 -19.7799
180 86.5513 180

191.962 30.954 -19.7384
180 86.5561 180

191.257 30.954 -19.696
180 86.5607 180

190.533 30.954 -19.6526
180 86.5654 180

189.796 30.954 -19.6084
180 86.5701 180

189.046 30.954 -19.5634
180 86.5716 180

188.285 30.954 -19.5179
180 86.5732 180

187.515 30.954 -19.4718
180 86.5716 180

186.737 30.954 -19.4251
180 86.5701 180

185.95 30.954 -19.3779
180 86.5654 180

185.158 30.954 -19.3303
180 86.5607 180

184.363 30.954 -19.2824
180 86.5561 180

183.563 30.954 -19.2343
180 86.5514 180

182.758 30.954 -19.1857
180 86.5467 180

181.951 30.954 -19.1369
180 86.542 180

181.142 30.954 -19.0879
180 86.5373 180

180.333 30.954 -19.0389
180 86.5326 180

179.522 30.954 -18.9897
180 86.5279 180

178.709 30.954 -18.9403
180 86.5232 180

177.896 30.954 -18.8909
180 86.5186 180

177.081 30.954 -18.8412
180 86.5139 180

176.266 30.954 -18.7915
180 86.5092 180

175.447 30.954 -18.7415
180 86.5045 180

174.627 30.954 -18.6913
180 86.4998 180

173.806 30.954 -18.641
180 86.4951 180

172.985 30.954 -18.5907
180 86.4904 180

172.163 30.954 -18.5402
180 86.4858 180

171.34 30.954 -18.4896
180 86.4811 180

170.517 30.954 -18.4389
180 86.4764 180

169.695 30.954 -18.3882
180 86.4733 180

168.868 30.954 -18.3372
180 86.4702 180

168.041 30.954 -18.2862
180 86.4671 180

167.215 30.954 -18.2351
180 86.4655 180

166.384 30.954 -18.1838
180 86.464 180

165.554 30.954 -18.1325
180 86.4624 180

164.722 30.954 -18.081
180 86.4609 180

163.889 30.954 -18.0295
180 86.4593 180

163.057 30.954 -17.978
180 86.4578 180

162.223 30.954 -17.9263
180 86.4562 180

161.388 30.954 -17.8746
180 86.4547 180

160.554 30.954 -17.8229
180 86.4547 180

159.716 30.954 -17.771
180 86.4547 180

158.877 30.954 -17.7191
180 86.4547 180

158.039 30.954 -17.6671
180 86.4547 180

157.199 30.954 -17.6151
180 86.4547 180

156.357 30.954 -17.5629
180 86.4547 180

155.515 30.954 -17.5107
180 86.4547 180

154.673 30.954 -17.4585
180 86.4547 180

153.828 30.954 -17.4062
180 86.4547 180

152.984 30.954 -17.354
180 86.4547 180

152.14 30.954 -17.3017
180 86.4547 180

151.294 30.954 -17.2493
180 86.4562 180

150.448 30.954 -17.1969
180 86.4578 180

149.598 30.954 -17.1443
180 86.4593 180

148.748 30.954 -17.0917
180 86.4609 180

147.895 30.954 -17.0389
180 86.4624 180

147.037 30.954 -16.9859
180 86.464 180

146.165 30.954 -16.9321
180 86.4671 180

145.273 30.954 -16.8771
180 86.4718 180

144.366 30.954 -16.8213
180 86.4781 180

143.45 30.954 -16.765
180 86.4843 180

142.524 30.954 -16.7082
180 86.4906 180

141.59 30.954 -16.6511
180 86.4968 180

140.65 30.954 -16.5936
180 86.5031 180

139.705 30.954 -16.536
180 86.5093 180

138.759 30.954 -16.4784
180 86.5156 180

137.814 30.954 -16.4209
180 86.5218 180

136.868 30.954 -16.3636
180 86.5281 180

135.923 30.954 -16.3063
180 86.5343 180

134.977 30.954 -16.2491
180 86.5406 180

134.032 30.954 -16.1921
180 86.5469 180

133.086 30.954 -16.1351
180 86.5531 180

132.141 30.954 -16.0783
180 86.5593 180

131.195 30.954 -16.0215
180 86.5656 180

130.249 30.954 -15.9649
180 86.5719 180

129.304 30.954 -15.9083
180 86.5781 180

128.358 30.954 -15.8519
180 86.5844 180

127.413 30.954 -15.7956
180 86.5906 180

126.467 30.954 -15.7393
180 86.5969 180

125.521 30.954 -15.6832
180 86.6032 180

124.576 30.954 -15.6272
180 86.6094 180

123.63 30.954 -15.5713
180 86.6156 180

122.685 30.954 -15.5155
180 86.6219 180

121.739 30.954 -15.4597
180 86.6282 180

120.793 30.954 -15.4041
180 86.6344 180

119.848 30.954 -15.3486
180 86.6407 180

118.902 30.954 -15.2932
180 86.6469 180

117.956 30.954 -15.2379
180 86.65 180

117.011 30.954 -15.1826
180 86.6532 180

116.065 30.954 -15.1273
180 86.6563 180

115.119 30.954 -15.0721
180 86.6594 180

114.174 30.954 -15.017
180 86.6625 180

113.228 30.954 -14.9619
180 86.6656 180

112.283 30.954 -14.9068
180 86.6672 180

111.337 30.954 -14.8518
180 86.6687 180

110.391 30.954 -14.7967
180 86.6703 180

109.446 30.954 -14.7417
180 86.6719 180

108.5 30.954 -14.6868
180 86.6735 180

107.554 30.954 -14.6318
180 86.6751 180

106.608 30.954 -14.5769
180 86.6767 180

105.663 30.954 -14.522
180 86.6783 180

104.717 30.954 -14.4672
180 86.6799 180

103.771 30.954 -14.4123
180 86.6814 180

102.826 30.954 -14.3575
180 86.6829 180

101.88 30.954 -14.3027
180 86.6845 180

100.934 30.954 -14.248
180 86.686 180

99.9887 30.954 -14.1933
180 86.6875 180

99.0431 30.954 -14.1385
180 86.6891 180

98.0974 30.954 -14.0839
180 86.6906 180

97.1517 30.954 -14.0292
180 86.6922 180

96.206 30.954 -13.9746
180 86.6937 180

95.2603 30.954 -13.92
180 86.6952 180

94.3146 30.954 -13.8654
180 86.6968 180

93.3689 30.954 -13.8108
180 86.6983 180

92.4232 30.954 -13.7563
180 86.6999 180

91.4775 30.954 -13.7018
180 86.7014 180

90.5318 30.954 -13.6473
180 86.7029 180

89.5861 30.954 -13.5929
180 86.7045 180

88.6404 30.954 -13.5384
180 86.706 180

87.6947 30.954 -13.484
180 86.7076 180

86.749 30.954 -13.4297
180 86.7091 180

85.8033 30.954 -13.3753
180 86.7107 180

84.8576 30.954 -13.321
180 86.7122 180

83.9119 30.954 -13.2667
180 86.7138 180

82.9662 30.954 -13.2124
180 86.7153 180

82.0205 30.954 -13.1581
180 86.7169 180

81.0748 30.954 -13.1039
180 86.7184 180

80.1291 30.954 -13.0497
180 86.72 180

79.1833 30.954 -12.9956
180 86.7215 180

78.2376 30.954 -12.9414
180 86.7231 180

77.2919 30.954 -12.8873
180 86.7246 180

76.3462 30.954 -12.8332
180 86.7262 180

75.4005 30.954 -12.7791
180 86.7277 180

74.4548 30.954 -12.7251
180 86.7293 180

73.509 30.954 -12.6711
180 86.7309 180

72.5633 30.954 -12.6171
180 86.7324 180

71.6176 30.954 -12.5631
180 86.734 180

70.6718 30.954 -12.5092
180 86.7355 180

69.7261 30.954 -12.4552
180 86.7371 180

68.7804 30.954 -12.4013
180 86.7387 180

67.8346 30.954 -12.3475
180 86.7402 180

66.8889 30.954 -12.2936
180 86.7418 180

65.9432 30.954 -12.2398
180 86.7433 180

64.9974 30.954 -12.186
180 86.7449 180

64.0517 30.954 -12.1323
180 86.7465 180

63.106 30.954 -12.0785
180 86.748 180

62.1602 30.954 -12.0248
180 86.7496 180

61.2145 30.954 -11.9712
180 86.7512 180

60.2687 30.954 -11.9175
180 86.7527 180

59.323 30.954 -11.8639
180 86.7543 180

58.3772 30.954 -11.8103
180 86.7559 180

57.4315 30.954 -11.7567
180 86.7574 180

56.4857 30.954 -11.7031
180 86.759 180

55.54 30.954 -11.6496
180 86.7606 180

54.5942 30.954 -11.5961
180 86.7622 180

53.6485 30.954 -11.5426
180 86.7637 180

52.7027 30.954 -11.4892
180 86.7653 180

51.757 30.954 -11.4357
180 86.7669 180

50.8112 30.954 -11.3823
180 86.7684 180

49.8654 30.954 -11.329
180 86.77 180

48.9197 30.954 -11.2756
180 86.7716 180

47.9739 30.954 -11.2223
180 86.7732 180

47.0282 30.954 -11.169
180 86.7747 180

46.0824 30.954 -11.1157
180 86.7763 180

45.1366 30.954 -11.0625
180 86.7779 180

44.1908 30.954 -11.0093
180 86.7795 180

43.2451 30.954 -10.9561
180 86.7811 180

42.2993 30.954 -10.9029
180 86.7826 180

41.3535 30.954 -10.8498
180 86.7842 180

40.4078 30.954 -10.7967
180 86.7858 180

39.462 30.954 -10.7436
180 86.7874 180

38.5162 30.954 -10.6905
180 86.789 180

37.5704 30.954 -10.6375
180 86.7906 180

36.6246 30.954 -10.5845
180 86.7922 180

35.6789 30.954 -10.5315
180 86.7937 180

34.7331 30.954 -10.4785
180 86.7953 180

33.7873 30.954 -10.4256
180 86.7969 180

32.8415 30.954 -10.3727
180 86.7985 180

31.8957 30.954 -10.3198
180 86.8001 180

30.9499 30.954 -10.267
180 86.8017 180

30.0041 30.954 -10.2142
180 86.8033 180

29.0583 30.954 -10.1614
180 86.8049 180

28.1125 30.954 -10.1086
180 86.8065 180

27.1667 30.954 -10.0558
180 86.808 180

26.2209 30.954 -10.0031
180 86.8095 180

25.2752 30.954 -9.95043
180 86.8111 180

24.3293 30.954 -9.89776
180 86.8126 180

23.3835 30.954 -9.84512
180 86.8141 180

22.4377 30.954 -9.7925
180 86.8157 180

21.4919 30.954 -9.73991
180 86.8172 180

20.5461 30.954 -9.68734
180 86.8188 180

19.6003 30.954 -9.6348
180 86.8203 180

18.6545 30.954 -9.58228
180 86.8218 180

17.7087 30.954 -9.52979
180 86.8234 180

16.7629 30.954 -9.47732
180 86.8249 180

15.8171 30.954 -9.42488
180 86.8265 180

14.8713 30.954 -9.37247
180 86.828 180

13.9255 30.954 -9.3201
180 86.8312 180

12.9796 30.954 -9.26779
180 86.8343 180

12.0338 30.954 -9.21553
180 86.8375 180

11.088 30.954 -9.16332
180 86.8405 180

10.1422 30.954 -9.11116
180 86.8437 180

9.19633 30.954 -9.05906
180 86.8468 180

8.25049 30.954 -9.00703
180 86.8515 180

7.30465 30.954 -8.95508
180 86.8561 180

6.35881 30.954 -8.90321
180 86.8608 180

5.41296 30.954 -8.85141
180 86.8655 180

4.4671 30.954 -8.79969
180 86.8702 180

3.52125 30.954 -8.74805
180 86.8749 180

2.57538 30.954 -8.69651
180 86.8811 180

1.62952 30.954 -8.64507
180 86.8874 180

0.683643 30.954 -8.59374
180 86.8937 180

-0.262237 30.954 -8.54251
180 86.8999 180

-1.20812 30.954 -8.49139
180 86.9062 180

-2.15401 30.954 -8.44037
180 86.9124 180

-3.09991 30.954 -8.38945
180 86.9187 180

-4.04581 30.954 -8.33863
180 86.925 180

-4.99172 30.954 -8.28792
180 86.9312 180

-5.93763 30.954 -8.23731
180 86.9375 180

-6.88355 30.954 -8.18681
180 86.9437 180

-7.82947 30.954 -8.13641
180 86.95 180

-8.7754 30.954 -8.08611
180 86.9562 180

-9.72134 30.954 -8.03591
180 86.9625 180

-10.6673 30.954 -7.98582
180 86.9688 180

-11.6132 30.954 -7.93586
180 86.9766 180

-12.5592 30.954 -7.88602
180 86.9844 180

-13.5051 30.954 -7.83632
180 86.9922 180

-14.4511 30.954 -7.78675
180 87 180

-15.3971 30.954 -7.7373
180 87.0079 180

-16.3431 30.954 -7.68798
180 87.0157 180

-17.289 30.954 -7.63879
180 87.0235 180

-18.235 30.954 -7.58973
180 87.0313 180

-19.181 30.954 -7.5408
180 87.0391 180

-20.1271 30.954 -7.492
180 87.0469 180

-21.0731 30.954 -7.44333
180 87.0548 180

-22.0191 30.954 -7.39479
180 87.0626 180

-22.9651 30.954 -7.34637
180 87.0704 180

-23.9111 30.954 -7.29809
180 87.0783 180

-24.8572 30.954 -7.24994
180 87.0861 180

-25.8032 30.954 -7.20191
180 87.0939 180

-26.7493 30.954 -7.15401
180 87.1017 180

-27.6954 30.954 -7.10625
180 87.1096 180

-28.6414 30.954 -7.05861
180 87.1174 180

-29.5875 30.954 -7.0111
180 87.1252 180

-30.5336 30.954 -6.96372
180 87.133 180

-31.4797 30.954 -6.91647
180 87.1408 180

-32.4258 30.954 -6.86935
180 87.1486 180

-33.3718 30.954 -6.82236
180 87.1565 180

-34.318 30.954 -6.77549
180 87.1643 180

-35.2641 30.954 -6.72876
180 87.1721 180

-36.2102 30.954 -6.68215
180 87.1799 180

-37.1563 30.954 -6.63568
180 87.1878 180

-38.1024 30.954 -6.58933
180 87.1956 180

-39.0486 30.954 -6.54311
180 87.2034 180

-39.9947 30.954 -6.49702
180 87.2113 180

-40.9409 30.954 -6.45106
180 87.2191 180

-41.887 30.954 -6.40523
180 87.2269 180

-42.8332 30.954 -6.35953
180 87.2347 180

-43.7794 30.954 -6.31396
180 87.2425 180

-44.7255 30.954 -6.26852
180 87.2503 180

-45.6717 30.954 -6.22321
180 87.2582 180

-46.6179 30.954 -6.17802
180 87.266 180

-47.5641 30.954 -6.13297
180 87.2738 180

-48.5103 30.954 -6.08804
180 87.2816 180

-49.4565 30.954 -6.04324
180 87.2894 180

-50.4027 30.954 -5.99858
180 87.2972 180

-51.3489 30.954 -5.95404
180 87.3051 180

-52.2952 30.954 -5.90963
180 87.3129 180

-53.2414 30.954 -5.86535
180 87.3207 180

-54.1876 30.954 -5.8212
180 87.3286 180

-55.1339 30.954 -5.77718
180 87.3364 180

-56.0801 30.954 -5.73328
180 87.3442 180

-57.0264 30.954 -5.68952
180 87.352 180

-57.9726 30.954 -5.64589
180 87.3599 180

-58.9189 30.954 -5.60238
180 87.3677 180

-59.8652 30.954 -5.55901
180 87.3755 180

-60.8114 30.954 -5.51576
180 87.3833 180

-61.7577 30.954 -5.47264
180 87.3911 180

-62.704 30.954 -5.42966
180 87.3989 180

-63.6503 30.954 -5.3868
180 87.4068 180

-64.5966 30.954 -5.34407
180 87.4146 180

-65.5429 30.954 -5.30147
180 87.4225 180

-66.4892 30.954 -5.259
180 87.4303 180

-67.4356 30.954 -5.21665
180 87.4381 180

-68.3819 30.954 -5.17444
180 87.446 180

-69.3282 30.954 -5.13236
180 87.4538 180

-70.2745 30.954 -5.09041
180 87.4616 180

-71.2209 30.954 -5.04858
180 87.4694 180

-72.1672 30.954 -5.00689
180 87.4773 180

-73.1136 30.954 -4.96532
180 87.4851 180

-74.058 30.954 -4.92397
180 87.4929 180

-75.0024 30.954 -4.88275
180 87.5007 180

-75.9449 30.954 -4.84174
180 87.5086 180

-76.8873 30.954 -4.80086
180 87.5164 180

-77.8298 30.954 -4.76011
180 87.5242 180

-78.7723 30.954 -4.71949
180 87.532 180

-79.7128 30.954 -4.67908
180 87.5399 180

-80.6534 30.954 -4.6388
180 87.5477 180

-81.5939 30.954 -4.59864
180 87.5555 180

-82.5345 30.954 -4.55862
180 87.5634 180

-83.4751 30.954 -4.51872
180 87.5712 180

-84.4156 30.954 -4.47896
180 87.579 180

-85.3562 30.954 -4.43932
180 87.5869 180

-86.2968 30.954 -4.39981
180 87.5947 180

-87.2374 30.954 -4.36043
180 87.6025 180

-88.1779 30.954 -4.32117
180 87.6103 180

-89.1185 30.954 -4.28205
180 87.6181 180

-90.0591 30.954 -4.24305
180 87.626 180

-90.9997 30.954 -4.20419
180 87.6338 180

-91.9403 30.954 -4.16545
180 87.6416 180

-92.881 30.954 -4.12684
180 87.6494 180

-93.8216 30.954 -4.08835
180 87.6572 180

-94.7622 30.954 -4.05
180 87.6651 180

-95.7028 30.954 -4.01178
180 87.6729 180

-96.6435 30.954 -3.97368
180 87.6807 180

-97.5841 30.954 -3.93571
180 87.6886 180

-98.5247 30.954 -3.89787
180 87.6964 180

-99.4654 30.954 -3.86016
180 87.7042 180

-100.406 30.954 -3.82258
180 87.7121 180

-101.347 30.954 -3.78513
180 87.7199 180

-102.287 30.954 -3.7478
180 87.7277 180

-103.228 30.954 -3.7106
180 87.7356 180

-104.167 30.954 -3.67361
180 87.7434 180

-105.106 30.954 -3.63675
180 87.7512 180

-106.044 30.954 -3.60001
180 87.759 180

-106.983 30.954 -3.56341
180 87.7668 180

-107.922 30.954 -3.52693
180 87.7746 180

-108.86 30.954 -3.49058
180 87.7825 180

-109.799 30.954 -3.45435
180 87.7903 180

-110.738 30.954 -3.41826
180 87.7982 180

-111.677 30.954 -3.38229
180 87.806 180

-112.616 30.954 -3.34646
180 87.8139 180

-113.554 30.954 -3.31075
180 87.8217 180

-114.491 30.954 -3.27524
180 87.8295 180

-115.428 30.954 -3.23986
180 87.8373 180

-116.365 30.954 -3.20461
180 87.8451 180

-117.302 30.954 -3.16949
180 87.853 180

-118.238 30.954 -3.13449
180 87.8608 180

-119.175 30.954 -3.09963
180 87.8686 180

-120.112 30.954 -3.06489
180 87.8764 180

-121.049 30.954 -3.03028
180 87.8843 180

-121.986 30.954 -2.9958
180 87.8921 180

-122.923 30.954 -2.96139
180 87.8967 180

-123.86 30.954 -2.92706
180 87.9014 180

-124.797 30.954 -2.8928
180 87.906 180

-125.733 30.954 -2.85863
180 87.9107 180

-126.67 30.954 -2.82452
180 87.9154 180

-127.607 30.954 -2.7905
180 87.9201 180

-128.544 30.954 -2.75655
180 87.9248 180

-129.481 30.954 -2.72268
180 87.9295 180

-130.418 30.954 -2.68889
180 87.9343 180

-131.355 30.954 -2.65517
180 87.9389 180

-132.292 30.954 -2.62153
180 87.9436 180

-133.229 30.954 -2.58796
180 87.9482 180

-134.165 30.954 -2.55448
180 87.9529 180

-135.102 30.954 -2.52106
180 87.9576 180

-136.039 30.954 -2.48773
180 87.9623 180

-136.976 30.954 -2.45447
180 87.967 180

-137.913 30.954 -2.42129
180 87.9717 180

-138.85 30.954 -2.38819
180 87.9765 180

-139.787 30.954 -2.35516
180 87.9811 180

-140.724 30.954 -2.32221
180 87.9858 180

-141.661 30.954 -2.28934
180 87.9905 180

-142.598 30.954 -2.25654
180 87.9951 180

-143.535 30.954 -2.22382
180 87.9998 180

-144.472 30.954 -2.19117
180 88.0045 180

-145.408 30.954 -2.15861
180 88.0092 180

-146.345 30.954 -2.12612
180 88.014 180

-147.282 30.954 -2.0937
180 88.0187 180

-148.219 30.954 -2.06137
180 88.0234 180

-149.156 30.954 -2.02911
180 88.028 180

-150.093 30.954 -1.99692
180 88.0327 180

-151.03 30.954 -1.96482
180 88.0374 180

-151.967 30.954 -1.93279
180 88.0421 180

-152.904 30.954 -1.90083
180 88.0468 180

-153.841 30.954 -1.86895
180 88.0515 180

-154.778 30.954 -1.83715
180 88.0562 180

-155.715 30.954 -1.80543
180 88.0609 180

-156.652 30.954 -1.77379
180 88.0656 180

-157.589 30.954 -1.74222
180 88.0702 180

-158.526 30.954 -1.71073
180 88.0749 180

-159.463 30.954 -1.67931
180 88.0796 180

-160.4 30.954 -1.64797
180 88.0843 180

-161.337 30.954 -1.61671
180 88.089 180

-162.274 30.954 -1.58552
180 88.0937 180

-163.211 30.954 -1.55441
180 88.0984 180

-164.148 30.954 -1.52338
180 88.1032 180

-165.085 30.954 -1.49242
180 88.1078 180

-166.022 30.954 -1.46155
180 88.1125 180

-166.959 30.954 -1.43074
180 88.1172 180

-167.896 30.954 -1.40002
180 88.1218 180

-168.833 30.954 -1.36937
180 88.1265 180

-169.77 30.954 -1.3388
180 88.1312 180

-170.707 30.954 -1.3083
180 88.136 180

-171.644 30.954 -1.27788
180 88.1407 180

-172.581 30.954 -1.24754
180 88.1454 180

-173.518 30.954 -1.21728
180 88.1501 180

-174.455 30.954 -1.18709
180 88.1547 180

-175.392 30.954 -1.15698
180 88.1594 180

-176.329 30.954 -1.12695
180 88.1641 180

-177.266 30.954 -1.09699
180 88.1688 180

-178.203 30.954 -1.06711
180 88.1735 180

-179.14 30.954 -1.0373
180 88.1782 180

-180.077 30.954 -1.00758
180 88.183 180

-181.014 30.954 -0.977925
180 88.1877 180

-181.951 30.954 -0.948353
180 88.1924 180

-182.888 30.954 -0.918858
180 88.197 180

-183.825 30.954 -0.889438
180 88.2017 180

-184.762 30.954 -0.860095
180 88.2064 180

-185.699 30.954 -0.830828
180 88.2111 180

-186.636 30.954 -0.801638
180 88.2158 180

-187.573 30.954 -0.772525
180 88.2205 180

-188.51 30.954 -0.74349
180 88.2252 180

-189.447 30.954 -0.714532
180 88.23 180

-190.384 30.954 -0.685651
180 88.2346 180

-191.321 30.954 -0.656847
180 88.2393 180

-192.258 30.954 -0.628119
180 88.244 180

-193.195 30.954 -0.599467
180 88.2487 180

-194.133 30.954 -0.570892
180 88.2534 180

-195.07 30.954 -0.542394
180 88.2581 180

-196.007 30.954 -0.513973
180 88.2628 180

-196.944 30.954 -0.485629
180 88.2675 180

-197.881 30.954 -0.457363
180 88.2722 180

-198.818 30.954 -0.429172
180 88.2768 180

-199.755 30.954 -0.401058
180 88.2815 180

-200.692 30.954 -0.37302
180 88.2862 180

-201.629 30.954 -0.345058
180 88.2908 180

-202.566 30.954 -0.317173
180 88.2956 180

-203.503 30.954 -0.289365
180 88.3003 180

-204.438 30.954 -0.261666
180 88.3034 180

-205.374 30.954 -0.234018
180 88.3065 180

-206.309 30.954 -0.206395
180 88.3081 180

-207.244 30.954 -0.178799
180 88.3097 180

-208.177 30.954 -0.151262
180 88.3097 180

-209.11 30.954 -0.123673
180 88.3066 180

-210.041 30.954 -0.0960661
180 88.3019 180

-210.973 30.954 -0.0683822
180 88.2972 180

-211.904 30.954 -0.0405963
180 88.291 180

-212.835 30.954 -0.0126842
180 88.2832 180

-213.766 30.954 0.0153794
180 88.2739 180

-214.696 30.954 0.0435354
180 88.2645 180

-215.625 30.954 0.0718943
180 88.252 180

-216.554 30.954 0.100456
180 88.2395 180

-217.483 30.954 0.129245
180 88.2254 180

-218.411 30.954 0.158253
180 88.2081 180

-219.338 30.954 0.187566
180 88.1893 180

-220.265 30.954 0.217183
180 88.1706 180

-221.192 30.954 0.247128
180 88.1503 180

-222.12 30.954 0.277402
180 88.13 180

-223.047 30.954 0.30803
180 88.1081 180

-223.974 30.954 0.339037
180 88.0847 180

-224.901 30.954 0.370448
180 88.0596 180

-225.828 30.954 0.402265
180 88.0346 180

-226.756 30.954 0.434513
180 88.008 180

-227.683 30.954 0.467268
180 87.9768 180

-228.61 30.954 0.500552
180 87.944 180

-229.537 30.954 0.534393
180 87.9096 180

-230.464 30.954 0.568865
180 87.8705 180

-231.391 30.954 0.60402
180 87.8283 180

-232.318 30.954 0.639883
180 87.7846 180

-233.245 30.954 0.676479
180 87.7393 180

-234.172 30.954 0.713859
180 87.6909 180

-235.099 30.954 0.752072
180 87.6393 180

-236.026 30.954 0.79117
180 87.5846 180

-236.953 30.954 0.831204
180 87.5268 180

-237.88 30.954 0.872223
180 87.4659 180

-238.807 30.954 0.914254
180 87.4034 180

-239.733 30.954 0.957345
180 87.3377 180

-240.66 30.954 1.00155
180 87.269 180

-241.587 30.954 1.04692
180 87.1971 180

-242.513 30.954 1.09349
180 87.1221 180

-243.44 30.954 1.14131
180 87.0455 180

-244.366 30.954 1.19039
180 86.9674 180

-245.293 30.954 1.24081
180 86.8845 180

-246.219 30.954 1.29262
180 86.7986 180

-247.145 30.954 1.34592
180 86.7064 180

-248.071 30.954 1.40079
180 86.6095 180

-248.997 30.954 1.45732
180 86.5064 180

-249.923 30.954 1.51557
180 86.4001 180

-250.849 30.954 1.57564
180 86.2876 180

-251.774 30.954 1.63758
180 86.172 180

-252.7 30.954 1.70146
180 86.0517 180

-253.625 30.954 1.76733
180 85.9283 180

-254.551 30.954 1.83528
180 85.8001 180

-255.476 30.954 1.90534
180 85.6689 180

-256.401 30.954 1.97757
180 85.5345 180

-257.325 30.954 2.05205
180 85.3955 180

-258.25 30.954 2.12882
180 85.2533 180

-259.174 30.954 2.20791
180 85.1095 180

-260.098 30.954 2.28935
180 84.9642 180

-261.022 30.954 2.37315
180 84.8173 180

-261.946 30.954 2.45935
180 84.6689 180

-262.87 30.954 2.54799
180 84.5173 180

-263.793 30.954 2.63909
180 84.3642 180

-264.716 30.954 2.73267
180 84.2111 180

-265.639 30.954 2.82871
180 84.058 180

-266.561 30.954 2.92724
180 83.9033 180

-267.483 30.954 3.02827
180 83.7486 180

-268.405 30.954 3.13178
180 83.5939 180

-269.327 30.954 3.23778
180 83.4392 180

-270.248 30.954 3.34627
180 83.2845 180

-271.169 30.954 3.45724
180 83.1299 180

-272.09 30.954 3.5707
180 82.9752 180

-273.011 30.954 3.68665
180 82.8205 180

-273.931 30.954 3.80508
180 82.6658 180

-274.851 30.954 3.92599
180 82.5111 180

-275.77 30.954 4.04939
180 82.3565 180

-276.689 30.954 4.17527
180 82.2018 180

-277.608 30.954 4.30363
180 82.0471 180

-278.527 30.954 4.4345
180 81.8908 180

-279.445 30.954 4.56787
180 81.7346 180

-280.362 30.954 4.70379
180 81.5752 180

-281.28 30.954 4.84234
180 81.4112 180

-282.197 30.954 4.98354
180 81.2455 180

-283.113 30.954 5.12742
180 81.0784 180

-284.029 30.954 5.27399
180 80.9096 180

-284.945 30.954 5.42327
180 80.7409 180

-285.86 30.954 5.57526
180 80.5706 180

-286.775 30.954 5.73002
180 80.3971 180

-287.689 30.954 5.88755
180 80.2237 180

-288.603 30.954 6.04788
180 80.0487 180

-289.516 30.954 6.21099
180 79.8737 180

-290.429 30.954 6.37694
180 79.6956 180

-291.341 30.954 6.54576
180 79.5159 180

-292.253 30.954 6.71743
180 79.3362 180

-293.164 30.954 6.89199
180 79.1549 180

-294.075 30.954 7.06945
180 78.9721 180

-294.985 30.954 7.24984
180 78.7877 180

-295.894 30.954 7.43319
180 78.6018 180

-296.803 30.954 7.61951
180 78.4143 180

-297.711 30.954 7.80885
180 78.2237 180

-298.619 30.954 8.00124
180 78.0315 180

-299.526 30.954 8.19669
180 77.8378 180

-300.43 30.954 8.39482
180 77.6424 180

-301.334 30.954 8.59606
180 77.4456 180

-302.237 30.954 8.80042
180 77.2471 180

-303.139 30.954 9.00793
180 77.0471 180

-304.04 30.954 9.21864
180 76.844 180

-304.941 30.954 9.43257
180 76.6393 180

-305.839 30.954 9.64931
180 76.4315 180

-306.736 30.954 9.86932
180 76.2222 180

-307.633 30.954 10.0926
180 76.0112 180

-308.528 30.954 10.3193
180 75.7987 180

-309.423 30.954 10.5493
180 75.5847 180

-310.317 30.954 10.7826
180 75.369 180

-311.208 30.954 11.0189
180 75.1518 180

-312.098 30.954 11.2585
180 74.9299 180

-312.987 30.954 11.5017
180 74.7065 180

-313.876 30.954 11.7484
180 74.4799 180

-314.763 30.954 11.9986
180 74.2518 180

-315.647 30.954 12.2519
180 74.019 180

-316.531 30.954 12.5087
180 73.7846 180

-317.411 30.954 12.7687
180 73.5471 180

-318.29 30.954 13.0324
180 73.3081 180

-319.168 30.954 13.2998
180 73.0643 180

-320.045 30.954 13.571
180 72.819 180

-320.921 30.954 13.8459
180 72.5721 180

-321.794 30.954 14.124
180 72.3237 180

-322.666 30.954 14.406
180 72.0737 180

-323.536 30.954 14.6917
180 71.8221 180

-324.405 30.954 14.9814
180 71.5674 180

-325.273 30.954 15.2749
180 71.3112 180

-326.139 30.954 15.5723
180 71.0549 180

-327.004 30.954 15.8736
180 70.7971 180

-327.868 30.954 16.1788
180 70.5393 180

-328.73 30.954 16.4878
180 70.2815 180

-329.591 30.954 16.8008
180 70.0237 180

-330.45 30.954 17.1176
180 69.7643 180

-331.308 30.954 17.4383
180 69.505 180

-332.165 30.954 17.7629
180 69.2456 180

-333.02 30.954 18.0914
180 68.9862 180

-333.874 30.954 18.4238
180 68.7253 180

-334.726 30.954 18.76
180 68.4643 180

-335.576 30.954 19.1002
180 68.2018 180

-336.425 30.954 19.4442
180 67.9393 180

-337.273 30.954 19.7922
180 67.6721 180

-338.118 30.954 20.1442
180 67.4034 180

-338.962 30.954 20.5001
180 67.1346 180

-339.805 30.954 20.86
180 66.8643 180

-340.645 30.954 21.2239
180 66.594 180

-341.484 30.954 21.5918
180 66.3221 180

-342.321 30.954 21.9636
180 66.0503 180

-343.157 30.954 22.3394
180 65.7784 180

-343.99 30.954 22.7192
180 65.5065 180

-344.822 30.954 23.1029
180 65.2346 180

-345.652 30.954 23.4906
180 64.9628 180

-346.48 30.954 23.8822
180 64.6909 180

-347.306 30.954 24.2777
180 64.419 180

-348.131 30.954 24.6771
180 64.1471 180

-348.953 30.954 25.0805
180 63.8753 180

-349.774 30.954 25.4877
180 63.6034 180

-350.592 30.954 25.8989
180 63.3315 180

-351.409 30.954 26.3139
180 63.0596 180

-352.223 30.954 26.7328
180 62.7878 180

-353.036 30.954 27.1555
180 62.5143 180

-353.847 30.954 27.5822
180 62.2409 180

-354.655 30.954 28.0127
180 61.9674 180

-355.462 30.954 28.447
180 61.694 180

-356.266 30.954 28.8852
180 61.4206 180

-357.068 30.954 29.3273
180 61.1471 180

-357.869 30.954 29.7731
180 60.8737 180

-358.667 30.954 30.2228
180 60.6003 180

-359.463 30.954 30.6763
180 60.3268 180

-360.256 30.954 31.1335
180 60.0534 180

-361.048 30.954 31.5946
180 59.78 180

-361.837 30.954 32.0594
180 59.5065 180

-362.624 30.954 32.528
180 59.2331 180

-363.409 30.954 33.0003
180 58.9596 180

-364.192 30.954 33.4764
180 58.6862 180

-364.972 30.954 33.9562
180 58.4128 180

-365.75 30.954 34.4397
180 58.1393 180

-366.526 30.954 34.927
180 57.8659 180

-367.299 30.954 35.4179
180 57.5925 180

-368.07 30.954 35.9125
180 57.319 180

-368.839 30.954 36.4108
180 57.0456 180

-369.605 30.954 36.9127
180 56.7722 180

-370.369 30.954 37.4183
180 56.4987 180

-371.13 30.954 37.9276
180 56.2253 180

-371.889 30.954 38.4405
180 55.9518 180

-372.646 30.954 38.9569
180 55.6784 180

-373.4 30.954 39.477
180 55.405 180

-374.151 30.954 40.0007
180 55.1315 180

-374.9 30.954 40.528
180 54.8581 180

-375.647 30.954 41.0588
180 54.5847 180

-376.391 30.954 41.5932
180 54.3112 180

-377.132 30.954 42.1311
180 54.0378 180

-377.871 30.954 42.6726
180 53.7644 180

-378.607 30.954 43.2176
180 53.4909 180

-379.341 30.954 43.7661
180 53.2175 180

-380.072 30.954 44.318
180 52.944 180

-380.8 30.954 44.8735
180 52.6706 180

-381.526 30.954 45.4324
180 52.3972 180

-382.249 30.954 45.9948
180 52.1237 180

-382.97 30.954 46.5607
180 51.8503 180

-383.687 30.954 47.13
180 51.5769 180

-384.402 30.954 47.7026
180 51.3034 180

-385.114 30.954 48.2787
180 51.03 180

-385.824 30.954 48.8582
180 50.7566 180

-386.53 30.954 49.4411
180 50.4831 180

-387.234 30.954 50.0273
180 50.2097 180

-387.935 30.954 50.6169
180 49.9362 180

-388.634 30.954 51.2098
180 49.6628 180

-389.329 30.954 51.8061
180 49.3894 180

-390.021 30.954 52.4056
180 49.1159 180

-390.711 30.954 53.0085
180 48.8425 180

-391.398 30.954 53.6146
180 48.5691 180

-392.082 30.954 54.2241
180 48.2956 180

-392.763 30.954 54.8367
180 48.0222 180

-393.441 30.954 55.4526
180 47.7488 180

-394.116 30.954 56.0718
180 47.4753 180

-394.788 30.954 56.6941
180 47.2019 180

-395.457 30.954 57.3197
180 46.9284 180

-396.123 30.954 57.9484
180 46.655 180

-396.787 30.954 58.5803
180 46.3816 180

-397.447 30.954 59.2154
180 46.1081 180

-398.104 30.954 59.8536
180 45.8347 180

-398.758 30.954 60.495
180 45.5613 180

-399.409 30.954 61.1394
180 45.2878 180

-400.057 30.954 61.787
180 45.0144 180

-400.701 30.954 62.4376
180 44.7409 180

-401.343 30.954 63.0914
180 44.4675 180

-401.982 30.954 63.7481
180 44.1941 180

-402.617 30.954 64.4079
180 43.9206 180

-403.249 30.954 65.0708
180 43.6472 180

-403.878 30.954 65.7366
180 43.3738 180

-404.504 30.954 66.4054
180 43.1003 180

-405.127 30.954 67.0773
180 42.8269 180

-405.746 30.954 67.752
180 42.5534 180

-406.365 30.954 68.4327
180 42.28 180

-406.981 30.954 69.1162
180 42.0066 180

-407.593 30.954 69.8027
180 41.7331 180

-408.202 30.954 70.4921
180 41.4597 180

-408.809 30.954 71.1859
180 41.1863 180

-409.413 30.954 71.8826
180 40.9128 180

-410.014 30.954 72.5821
180 40.6394 180

-410.611 30.954 73.2845
180 40.366 180

-411.204 30.954 73.9898
180 40.0925 180

-411.795 30.954 74.6978
180 39.8191 180

-412.382 30.954 75.4087
180 39.5456 180

-412.965 30.954 76.1224
180 39.2722 180

-413.545 30.954 76.8388
180 38.9988 180

-414.122 30.954 77.558
180 38.7253 180

-414.695 30.954 78.28
180 38.4519 180

-415.265 30.954 79.0046
180 38.1785 180

-415.832 30.954 79.732
180 37.905 180

-416.394 30.954 80.4621
180 37.6316 180

-416.954 30.954 81.1949
180 37.3581 180

-417.511 30.954 81.9318
180 37.0847 180

-418.064 30.954 82.6715
180 36.8113 180

-418.614 30.954 83.4137
180 36.5378 180

-419.161 30.954 84.1586
180 36.2644 180

-419.704 30.954 84.9061
180 35.991 180

-420.243 30.954 85.6562
180 35.7175 180

-420.779 30.954 86.4088
180 35.4441 180

-421.311 30.954 87.1639
180 35.1722 180

-421.84 30.954 87.9216
180 34.9003 180

-422.364 30.954 88.6818
180 34.6285 180

-422.886 30.954 89.4444
180 34.3566 180

-423.404 30.954 90.2096
180 34.0847 180

-423.92 30.954 90.9804
180 33.8128 180

-424.432 30.954 91.7536
180 33.541 180

-424.941 30.954 92.5293
180 33.2691 180

-425.447 30.954 93.3074
180 32.9972 180

-425.948 30.954 94.0879
180 32.7253 180

-426.446 30.954 94.8707
180 32.455 180

-426.94 30.954 95.6559
180 32.1847 180

-427.431 30.954 96.4434
180 31.9144 180

-427.917 30.954 97.2332
180 31.6441 180

-428.4 30.954 98.0253
180 31.3738 180

-428.88 30.954 98.8197
180 31.1035 180

-429.355 30.954 99.6163
180 30.8331 180

-429.827 30.954 100.415
180 30.5628 180

-430.295 30.954 101.216
180 30.2925 180

-430.759 30.954 102.019
180 30.0238 180

-431.219 30.954 102.825
180 29.755 180

-431.676 30.954 103.632
180 29.4878 180

-432.131 30.954 104.445
180 29.2206 180

-432.582 30.954 105.261
180 28.955 180

-433.029 30.954 106.078
180 28.6894 180

-433.473 30.954 106.897
180 28.4253 180

-433.912 30.954 107.719
180 28.1613 180

-434.348 30.954 108.542
180 27.8972 180

-434.782 30.954 109.371
180 27.6331 180

-435.212 30.954 110.202
180 27.3706 180

-435.639 30.954 111.034
180 27.1081 180

-436.061 30.954 111.869
180 26.8456 180

-436.48 30.954 112.706
180 26.5831 180

-436.895 30.954 113.544
180 26.3206 180

-437.306 30.954 114.385
180 26.0581 180

-437.713 30.954 115.227
180 25.7972 180

-438.116 30.954 116.071
180 25.5363 180

-438.515 30.954 116.917
180 25.2753 180

-438.911 30.954 117.765
180 25.0144 180

-439.303 30.954 118.615
180 24.7535 180

-439.691 30.954 119.466
180 24.4925 180

-440.075 30.954 120.319
180 24.2316 180

-440.455 30.954 121.174
180 23.9706 180

-440.831 30.954 122.031
180 23.7097 180

-441.203 30.954 122.889
180 23.4488 180

-441.572 30.954 123.749
180 23.1878 180

-441.936 30.954 124.61
180 22.9269 180

-442.296 30.954 125.474
180 22.666 180

-442.653 30.954 126.339
180 22.405 180

-443.006 30.954 127.205
180 22.1441 180

-443.354 30.954 128.073
180 21.8832 180

-443.699 30.954 128.943
180 21.6222 180

-444.04 30.954 129.814
180 21.3613 180

-444.377 30.954 130.687
180 21.1003 180

-444.71 30.954 131.561
180 20.8394 180

-445.038 30.954 132.437
180 20.5785 180

-445.363 30.954 133.315
180 20.3175 180

-445.684 30.954 134.193
180 20.0566 180

-446.001 30.954 135.074
180 19.7957 180

-446.314 30.954 135.955
180 19.5347 180

-446.622 30.954 136.839
180 19.2738 180

-446.927 30.954 137.723
180 19.0128 180

-447.228 30.954 138.609
180 18.7519 180

-447.525 30.954 139.496
180 18.491 180

-447.817 30.954 140.385
180 18.23 180

-448.106 30.954 141.275
180 17.9691 180

-448.391 30.954 142.166
180 17.7082 180

-448.671 30.954 143.058
180 17.4472 180

-448.947 30.954 143.952
180 17.1863 180

-449.22 30.954 144.847
180 16.9253 180

-449.488 30.954 145.743
180 16.6644 180

-449.752 30.954 146.641
180 16.4035 180

-450.012 30.954 147.54
180 16.1425 180

-450.268 30.954 148.439
180 15.8816 180

-450.52 30.954 149.34
180 15.6207 180

-450.768 30.954 150.243
180 15.3597 180

-451.012 30.954 151.146
180 15.0957 180

-451.251 30.954 152.05
180 14.8316 180

-451.487 30.954 152.956
180 14.5675 180

-451.718 30.954 153.862
180 14.3019 180

-451.944 30.954 154.768
180 14.0363 180

-452.166 30.954 155.675
180 13.7675 180

-452.384 30.954 156.583
180 13.4988 180

-452.598 30.954 157.491
180 13.23 180

-452.807 30.954 158.401
180 12.9597 180

-453.012 30.954 159.312
180 12.6878 180

-453.213 30.954 160.224
180 12.416 180

-453.409 30.954 161.134
180 12.141 180

-453.601 30.954 162.046
180 11.866 180

-453.788 30.954 162.959
180 11.5894 180

-453.97 30.954 163.872
180 11.3113 180

-454.148 30.954 164.785
180 11.0332 180

-454.322 30.954 165.698
180 10.755 180

-454.491 30.954 166.612
180 10.4769 180

-454.656 30.954 167.527
180 10.1957 180

-454.816 30.954 168.443
180 9.91285 180

-454.971 30.954 169.358
180 9.62691 180

-455.121 30.954 170.273
180 9.33941 180

-455.267 30.954 171.188
180 9.05035 180

-455.408 30.954 172.103
180 8.7566 180

-455.544 30.954 173.016
180 8.46129 180

-455.675 30.954 173.931
180 8.16129 180

-455.801 30.954 174.846
180 7.85972 180

-455.923 30.954 175.762
180 7.5566 180

-456.039 30.954 176.678
180 7.25191 180

-456.151 30.954 177.593
180 6.94566 180

-456.257 30.954 178.509
180 6.63473 180

-456.359 30.954 179.425
180 6.32223 180

-456.455 30.954 180.342
180 6.0066 180

-456.547 30.954 181.259
180 5.69098 180

-456.633 30.954 182.177
180 5.37379 180

-456.714 30.954 183.096
180 5.0566 180

-456.79 30.954 184.014
180 4.73785 180

-456.861 30.954 184.932
180 4.41598 180

-456.927 30.954 185.849
180 4.09254 180

-456.987 30.954 186.767
180 3.7691 180

-457.043 30.954 187.685
180 3.44567 180

-457.093 30.954 188.604
180 3.12067 180

-457.138 30.954 189.523
180 2.79567 180

-457.177 30.954 190.442
180 2.47067 180

-457.212 30.954 191.361
180 2.14567 180

-457.241 30.954 192.28
180 1.8191 180

-457.265 30.954 193.2
180 1.49254 180

-457.284 30.954 194.12
180 1.16598 180

-457.297 30.954 195.04
180 0.839416 180

-457.305 30.954 195.96
180 0.512853 180

-457.308 30.954 196.879
180 0.186291 180

-457.306 30.954 197.799
180 359.86 180

-457.299 30.954 198.719
180 359.533 180

-457.286 30.954 199.639
180 359.207 180

-457.268 30.954 200.559
180 358.88 180

-457.245 30.954 201.479
180 358.553 180

-457.216 30.954 202.398
180 358.227 180

-457.182 30.954 203.317
180 357.9 180

-457.144 30.954 204.236
180 357.574 180

-457.099 30.954 205.155
180 357.247 180

-457.05 30.954 206.074
180 356.921 180

-456.995 30.954 206.992
180 356.594 180

-456.935 30.954 207.91
180 356.267 180

-456.87 30.954 208.828
180 355.941 180

-456.8 30.954 209.745
180 355.614 180

-456.724 30.954 210.662
180 355.288 180

-456.644 30.954 211.578
180 354.961 180

-456.558 30.954 212.494
180 354.635 180

-456.466 30.954 213.409
180 354.308 180

-456.37 30.954 214.324
180 353.982 180

-456.268 30.954 215.239
180 353.655 180

-456.161 30.954 216.152
180 353.328 180

-456.049 30.954 217.065
180 353.002 180

-455.932 30.954 217.978
180 352.675 180

-455.809 30.954 218.889
180 352.349 180

-455.682 30.954 219.8
180 352.022 180

-455.549 30.954 220.711
180 351.696 180

-455.411 30.954 221.62
180 351.369 180

-455.268 30.954 222.529
180 351.042 180

-455.119 30.954 223.437
180 350.716 180

-454.965 30.954 224.348
180 350.391 180

-454.806 30.954 225.258
180 350.066 180

-454.641 30.954 226.167
180 349.741 180

-454.471 30.954 227.075
180 349.417 180

-454.297 30.954 227.982
180 349.094 180

-454.117 30.954 228.888
180 348.771 180

-453.932 30.954 229.793
180 348.447 180

-453.742 30.954 230.697
180 348.125 180

-453.546 30.954 231.6
180 347.803 180

-453.346 30.954 232.502
180 347.481 180

-453.141 30.954 233.403
180 347.16 180

-452.931 30.954 234.302
180 346.839 180

-452.714 30.954 235.205
180 346.519 180

-452.493 30.954 236.106
180 346.2 180

-452.267 30.954 237.005
180 345.881 180

-452.035 30.954 237.904
180 345.564 180

-451.799 30.954 238.801
180 345.247 180

-451.558 30.954 239.697
180 344.93 180

-451.312 30.954 240.591
180 344.614 180

-451.061 30.954 241.484
180 344.299 180

-450.805 30.954 242.376
180 343.983 180

-450.544 30.954 243.266
180 343.669 180

-450.278 30.954 244.155
180 343.355 180

-450.008 30.954 245.043
180 343.041 180

-449.732 30.954 245.928
180 342.728 180

-449.452 30.954 246.813
180 342.416 180

-449.167 30.954 247.696
180 342.103 180

-448.876 30.954 248.581
180 341.791 180

-448.58 30.954 249.464
180 341.48 180

-448.279 30.954 250.346
180 341.171 180

-447.973 30.954 251.226
180 340.861 180

-447.663 30.954 252.104
180 340.552 180

-447.348 30.954 252.981
180 340.244 180

-447.029 30.954 253.856
180 339.936 180

-446.704 30.954 254.73
180 339.63 180

-446.376 30.954 255.601
180 339.324 180

-446.042 30.954 256.471
180 339.017 180

-445.702 30.954 257.343
180 338.711 180

-445.358 30.954 258.213
180 338.406 180

-445.009 30.954 259.081
180 338.102 180

-444.656 30.954 259.947
180 337.797 180

-444.297 30.954 260.811
180 337.494 180

-443.935 30.954 261.674
180 337.191 180

-443.567 30.954 262.534
180 336.888 180

-443.196 30.954 263.393
180 336.586 180

-442.819 30.954 264.249
180 336.285 180

-442.439 30.954 265.104
180 335.985 180

-442.053 30.954 265.956
180 335.685 180

-441.664 30.954 266.807
180 335.385 180

-441.27 30.954 267.655
180 335.085 180

-440.871 30.954 268.502
180 334.786 180

-440.468 30.954 269.346
180 334.488 180

-440.061 30.954 270.188
180 334.189 180

-439.649 30.954 271.028
180 333.892 180

-439.233 30.954 271.866
180 333.596 180

-438.813 30.954 272.702
180 333.299 180

-438.388 30.954 273.536
180 333.002 180

-437.957 30.954 274.371
180 332.705 180

-437.522 30.954 275.203
180 332.41 180

-437.083 30.954 276.034
180 332.114 180

-436.639 30.954 276.862
180 331.819 180

-436.191 30.954 277.687
180 331.524 180

-435.739 30.954 278.511
180 331.228 180

-435.282 30.954 279.332
180 330.933 180

-434.822 30.954 280.151
180 330.638 180

-434.357 30.954 280.967
180 330.342 180

-433.888 30.954 281.781
180 330.049 180

-433.415 30.954 282.593
180 329.755 180

-432.937 30.954 283.402
180 329.461 180

-432.456 30.954 284.209
180 329.167 180

-431.97 30.954 285.013
180 328.874 180

-431.481 30.954 285.814
180 328.58 180

-430.987 30.954 286.614
180 328.286 180

-430.489 30.954 287.41
180 327.992 180

-429.987 30.954 288.204
180 327.699 180

-429.481 30.954 288.996
180 327.405 180

-428.971 30.954 289.785
180 327.111 180

-428.456 30.954 290.571
180 326.817 180

-427.938 30.954 291.355
180 326.523 180

-427.416 30.954 292.135
180 326.23 180

-426.89 30.954 292.914
180 325.936 180

-426.36 30.954 293.689
180 325.642 180

-425.825 30.954 294.462
180 325.348 180

-425.287 30.954 295.232
180 325.056 180

-424.745 30.954 296
180 324.764 180

-424.199 30.954 296.764
180 324.472 180

-423.65 30.954 297.526
180 324.18 180

-423.096 30.954 298.285
180 323.888 180

-422.538 30.954 299.041
180 323.595 180

-421.977 30.954 299.794
180 323.303 180

-421.412 30.954 300.545
180 323.011 180

-420.843 30.954 301.292
180 322.719 180

-420.27 30.954 302.037
180 322.427 180

-419.693 30.954 302.778
180 322.134 180

-419.113 30.954 303.517
180 321.842 180

-418.529 30.954 304.253
180 321.55 180

-417.941 30.954 304.986
180 321.258 180

-417.349 30.954 305.715
180 320.966 180

-416.754 30.954 306.442
180 320.674 180

-416.155 30.954 307.166
180 320.381 180

-415.552 30.954 307.886
180 320.089 180

-414.945 30.954 308.604
180 319.797 180

-414.335 30.954 309.318
180 319.505 180

-413.722 30.954 310.03
180 319.213 180

-413.104 30.954 310.738
180 318.917 180

-412.483 30.954 311.443
180 318.622 180

-411.859 30.954 312.144
180 318.327 180

-411.23 30.954 312.843
180 318.031 180

-410.599 30.954 313.538
180 317.736 180

-409.963 30.954 314.23
180 317.441 180

-409.324 30.954 314.919
180 317.145 180

-408.682 30.954 315.604
180 316.85 180

-408.036 30.954 316.286
180 316.555 180

-407.386 30.954 316.965
180 316.26 180

-406.733 30.954 317.64
180 315.964 180

-406.077 30.954 318.312
180 315.669 180

-405.417 30.954 318.981
180 315.374 180

-404.753 30.954 319.646
180 315.078 180

-404.086 30.954 320.308
180 314.783 180

-403.416 30.954 320.966
180 314.488 180

-402.743 30.954 321.621
180 314.192 180

-402.066 30.954 322.272
180 313.897 180

-401.385 30.954 322.92
180 313.602 180

-400.702 30.954 323.565
180 313.306 180

-400.015 30.954 324.206
180 313.011 180

-399.325 30.954 324.843
180 312.716 180

-398.631 30.954 325.477
180 312.42 180

-397.934 30.954 326.107
180 312.125 180

-397.234 30.954 326.733
180 311.83 180

-396.531 30.954 327.356
180 311.534 180

-395.825 30.954 327.975
180 311.239 180

-395.115 30.954 328.591
180 310.944 180

-394.402 30.954 329.203
180 310.648 180

-393.686 30.954 329.811
180 310.353 180

-392.967 30.954 330.416
180 310.058 180

-392.245 30.954 331.017
180 309.763 180

-391.52 30.954 331.614
180 309.467 180

-390.792 30.954 332.207
180 309.172 180

-390.06 30.954 332.797
180 308.877 180

-389.326 30.954 333.383
180 308.581 180

-388.588 30.954 333.965
180 308.286 180

-387.848 30.954 334.543
180 307.991 180

-387.105 30.954 335.118
180 307.695 180

-386.358 30.954 335.688
180 307.4 180

-385.609 30.954 336.255
180 307.106 180

-384.857 30.954 336.818
180 306.812 180

-384.102 30.954 337.377
180 306.519 180

-383.344 30.954 337.932
180 306.225 180

-382.583 30.954 338.483
180 305.931 180

-381.82 30.954 339.031
180 305.639 180

-381.054 30.954 339.574
180 305.347 180

-380.285 30.954 340.114
180 305.056 180

-379.513 30.954 340.65
180 304.766 180

-378.738 30.954 341.181
180 304.475 180

-377.963 30.954 341.708
180 304.186 180

-377.185 30.954 342.231
180 303.898 180

-376.404 30.954 342.75
180 303.611 180

-375.621 30.954 343.265
180 303.325 180

-374.835 30.954 343.776
180 303.041 180

-374.046 30.954 344.283
180 302.756 180

-373.255 30.954 344.787
180 302.473 180

-372.462 30.954 345.286
180 302.191 180

-371.666 30.954 345.782
180 301.909 180

-370.868 30.954 346.273
180 301.628 180

-370.069 30.954 346.76
180 301.348 180

-369.268 30.954 347.243
180 301.069 180

-368.464 30.954 347.722
180 300.791 180

-367.658 30.954 348.197
180 300.512 180

-366.85 30.954 348.668
180 300.234 180

-366.039 30.954 349.135
180 299.956 180

-365.226 30.954 349.598
180 299.678 180

-364.411 30.954 350.058
180 299.4 180

-363.594 30.954 350.513
180 299.122 180

-362.774 30.954 350.964
180 298.844 180

-361.953 30.954 351.412
180 298.567 180

-361.129 30.954 351.855
180 298.292 180

-360.303 30.954 352.294
180 298.017 180

-359.475 30.954 352.73
180 297.744 180

-358.645 30.954 353.161
180 297.47 180

-357.813 30.954 353.589
180 297.198 180

-356.979 30.954 354.013
180 296.926 180

-356.143 30.954 354.432
180 296.655 180

-355.304 30.954 354.848
180 296.383 180

-354.466 30.954 355.259
180 296.111 180

-353.626 30.954 355.666
180 295.84 180

-352.784 30.954 356.069
180 295.57 180

-351.94 30.954 356.468
180 295.3 180

-351.094 30.954 356.863
180 295.03 180

-350.246 30.954 357.254
180 294.759 180

-349.396 30.954 357.641
180 294.489 180

-348.545 30.954 358.024
180 294.219 180

-347.692 30.954 358.403
180 293.95 180

-346.837 30.954 358.778
180 293.681 180

-345.98 30.954 359.149
180 293.412 180

-345.122 30.954 359.516
180 293.144 180

-344.261 30.954 359.879
180 292.875 180

-343.4 30.954 360.237
180 292.606 180

-342.536 30.954 360.592
180 292.337 180

-341.671 30.954 360.943
180 292.069 180

-340.804 30.954 361.29
180 291.8 180

-339.936 30.954 361.632
180 291.531 180

-339.065 30.954 361.971
180 291.259 180

-338.194 30.954 362.305
180 290.987 180

-337.321 30.954 362.636
180 290.716 180

-336.446 30.954 362.962
180 290.444 180

-335.569 30.954 363.284
180 290.172 180

-334.692 30.954 363.601
180 289.9 180

-333.812 30.954 363.915
180 289.628 180

-332.931 30.954 364.224
180 289.356 180

-332.049 30.954 364.53
180 289.084 180

-331.165 30.954 364.831
180 288.812 180

-330.28 30.954 365.128
180 288.541 180

-329.394 30.954 365.42
180 288.269 180

-328.506 30.954 365.709
180 287.997 180

-327.617 30.954 365.993
180 287.725 180

-326.726 30.954 366.273
180 287.453 180

-325.834 30.954 366.549
180 287.181 180

-324.941 30.954 366.82
180 286.909 180

-324.046 30.954 367.087
180 286.637 180

-323.151 30.954 367.351
180 286.366 180

-322.254 30.954 367.609
180 286.094 180

-321.355 30.954 367.864
180 285.822 180

-320.456 30.954 368.114
180 285.55 180

-319.555 30.954 368.36
180 285.278 180

-318.654 30.954 368.602
180 285.006 180

-317.751 30.954 368.839
180 284.734 180

-316.847 30.954 369.073
180 284.462 180

-315.941 30.954 369.301
180 284.19 180

-315.035 30.954 369.526
180 283.919 180

-314.128 30.954 369.746
180 283.647 180

-313.22 30.954 369.962
180 283.375 180

-312.31 30.954 370.174
180 283.103 180

-311.4 30.954 370.381
180 282.831 180

-310.489 30.954 370.584
180 282.559 180

-309.577 30.954 370.783
180 282.287 180

-308.664 30.954 370.977
180 282.016 180

-307.75 30.954 371.167
180 281.744 180

-306.835 30.954 371.353
180 281.472 180

-305.919 30.954 371.534
180 281.2 180

-305.002 30.954 371.711
180 280.928 180

-304.085 30.954 371.884
180 280.656 180

-303.166 30.954 372.052
180 280.384 180

-302.247 30.954 372.216
180 280.112 180

-301.327 30.954 372.376
180 279.841 180

-300.407 30.954 372.531
180 279.569 180

-299.485 30.954 372.682
180 279.297 180

-298.563 30.954 372.828
180 279.025 180

-297.641 30.954 372.97
180 278.753 180

-296.717 30.954 373.108
180 278.481 180

-295.793 30.954 373.241
180 278.209 180

-294.869 30.954 373.37
180 277.937 180

-293.943 30.954 373.495
180 277.666 180

-293.018 30.954 373.615
180 277.394 180

-292.091 30.954 373.73
180 277.122 180

-292.091 30.954 373.73
180 277.122 180

-292.091 30.954 373.73
180 277.122 180

-292.091 30.954 373.73
180 277.122 180

