500
-292.091 30.954 373.73
180 277.122 180

-292.091 30.954 373.73
180 277.122 180

-292.091 30.954 373.73
180 277.122 180

-292.091 30.954 373.73
180 277.122 180

-292.091 30.954 373.73
180 277.122 180

-292.091 30.954 373.73
180 277.122 180

-292.091 30.954 373.73
180 277.122 180

-292.091 30.954 373.73
180 277.122 180

-292.091 30.954 373.73
180 277.122 180

-292.091 30.954 373.73
180 277.122 180

-292.091 30.954 373.73
180 277.122 180

-292.091 30.954 373.73
180 277.122 180

-292.091 30.954 373.73
180 277.122 180

-292.091 30.954 373.73
180 277.122 180

-292.091 30.954 373.73
180 277.122 180

-292.091 30.954 373.73
180 277.122 180

-292.091 30.954 373.73
180 277.122 180

-292.091 30.954 373.73
180 277.122 180

-292.091 30.954 373.73
180 277.122 180

-292.091 30.954 373.73
180 277.122 180

-292.091 30.954 373.73
180 277.122 180

-292.091 30.954 373.73
180 277.122 180

-292.091 30.954 373.73
180 277.122 180

-292.091 30.954 373.73
180 277.122 180

-292.091 30.954 373.73
180 277.122 180

-292.091 30.954 373.73
180 277.122 180

-292.091 30.954 373.73
180 277.122 180

-292.091 30.954 373.73
180 277.122 180

-292.091 30.954 373.73
180 277.122 180

-292.091 30.954 373.73
180 277.122 180

-292.091 30.954 373.73
180 277.122 180

-292.091 30.954 373.73
180 277.122 180

-292.091 30.954 373.73
180 277.122 180

-292.091 30.954 373.73
180 277.122 180

-292.091 30.954 373.73
180 277.122 180

-292.091 30.954 373.73
180 277.122 180

-292.091 30.954 373.73
180 277.122 180

-292.091 30.954 373.73
180 277.122 180

-292.091 30.954 373.73
180 277.122 180

-292.091 30.954 373.73
180 277.122 180

-292.091 30.954 373.73
180 277.122 180

-292.091 30.954 373.73
180 277.122 180

-292.091 30.954 373.73
180 277.122 180

-292.091 30.954 373.73
180 277.122 180

-292.091 30.954 373.73
180 277.122 180

-292.091 30.954 373.73
180 277.122 180

-292.091 30.954 373.73
180 277.122 180

-292.091 30.954 373.73
180 277.122 180

-292.091 30.954 373.73
180 277.122 180

-292.091 30.954 373.73
180 277.122 180

-292.091 30.954 373.73
180 277.122 180

-292.091 30.954 373.73
180 277.122 180

-292.091 30.954 373.73
180 277.122 180

-292.091 30.954 373.73
180 277.122 180

-292.091 30.954 373.73
180 277.122 180

-292.091 30.954 373.73
180 277.122 180

-292.091 30.954 373.73
180 277.122 180

-292.091 30.954 373.73
180 277.122 180

-292.091 30.954 373.73
180 277.122 180

-292.091 30.954 373.73
180 277.122 180

-292.091 30.954 373.73
180 277.122 180

-292.091 30.954 373.73
180 277.122 180

-292.091 30.954 373.73
180 277.122 180

-292.091 30.954 373.73
180 277.122 180

-292.091 30.954 373.73
180 277.122 180

-292.091 30.954 373.73
180 277.122 180

-292.091 30.954 373.73
180 277.122 180

-292.091 30.954 373.73
180 277.122 180

-292.091 30.954 373.73
180 277.122 180

-292.091 30.954 373.73
180 277.122 180

-292.091 30.954 373.73
180 277.122 180

-292.091 30.954 373.73
180 277.122 180

-292.091 30.954 373.73
180 277.122 180

-292.091 30.954 373.73
180 277.122 180

-292.091 30.954 373.73
180 277.122 180

-292.091 30.954 373.73
180 277.122 180

-292.091 30.954 373.73
180 277.122 180

-292.091 30.954 373.73
180 277.122 180

-292.091 30.954 373.73
180 277.122 180

-292.091 30.954 373.73
180 277.122 180

-292.091 30.954 373.73
180 277.122 180

-292.091 30.954 373.73
180 277.122 180

-292.091 30.954 373.73
180 277.122 180

-292.091 30.954 373.73
180 277.122 180

-292.091 30.954 373.73
180 277.122 180

-292.091 30.954 373.73
180 277.122 180

-292.091 30.954 373.73
180 277.122 180

-292.091 30.954 373.73
180 277.122 180

-292.091 30.954 373.73
180 277.122 180

-292.091 30.954 373.73
180 277.122 180

-292.091 30.954 373.73
180 277.122 180

-292.091 30.954 373.73
180 277.122 180

-292.091 30.954 373.73
180 277.122 180

-292.091 30.954 373.73
180 277.122 180

-292.091 30.954 373.73
180 277.122 180

-292.091 30.954 373.73
180 277.122 180

-292.091 30.954 373.73
180 277.122 180

-292.091 30.954 373.73
180 277.122 180

-292.091 30.954 373.73
180 277.122 180

-292.091 30.954 373.73
180 277.122 180

-292.091 30.954 373.73
180 277.122 180

-292.091 30.954 373.73
180 277.122 180

-292.091 30.954 373.73
180 277.122 180

-292.091 30.954 373.73
180 277.122 180

-292.091 30.954 373.73
180 277.122 180

-292.091 30.954 373.73
180 277.122 180

-292.091 30.954 373.73
180 277.122 180

-292.091 30.954 373.73
180 277.122 180

-292.091 30.954 373.73
180 277.122 180

-292.091 30.954 373.73
180 277.122 180

-292.091 30.954 373.73
180 277.122 180

-292.091 30.954 373.73
180 277.122 180

-292.091 30.954 373.73
180 277.122 180

-292.091 30.954 373.73
180 277.122 180

-292.091 30.954 373.73
180 277.122 180

-292.091 30.954 373.73
180 277.122 180

-292.091 30.954 373.73
180 277.122 180

-292.091 30.954 373.73
180 277.122 180

-292.057 31.8856 373.462
180 277.122 180

-292.024 32.8173 373.194
180 277.122 180

-291.99 33.7489 372.925
180 277.122 180

-291.957 34.6806 372.657
180 277.122 180

-291.923 35.6122 372.389
180 277.122 180

-291.89 36.5438 372.121
180 277.122 180

-291.856 37.4755 371.852
180 277.122 180

-291.823 38.4071 371.584
180 277.122 180

-291.789 39.3388 371.316
180 277.122 180

-291.756 40.2704 371.048
180 277.122 180

-291.722 41.202 370.78
180 277.122 180

-291.689 42.1337 370.511
180 277.122 180

-291.655 43.0653 370.243
180 277.122 180

-291.622 43.997 369.975
180 277.122 180

-291.588 44.9286 369.707
180 277.122 180

-291.555 45.8602 369.439
180 277.122 180

-291.521 46.7919 369.17
180 277.122 180

-291.488 47.7235 368.902
180 277.122 180

-291.454 48.6552 368.634
180 277.122 180

-291.421 49.5868 368.366
180 277.122 180

-291.387 50.5185 368.097
180 277.122 180

-291.354 51.4501 367.829
180 277.122 180

-291.32 52.3817 367.561
180 277.122 180

-291.287 53.3134 367.293
180 277.122 180

-291.253 54.245 367.025
180 277.122 180

-291.22 55.1767 366.756
180 277.122 180

-291.186 56.1083 366.488
180 277.122 180

-291.153 57.0399 366.22
180 277.122 180

-291.119 57.9716 365.952
180 277.122 180

-291.086 58.9032 365.683
180 277.122 180

-291.052 59.8349 365.415
180 277.122 180

-291.019 60.7665 365.147
180 277.122 180

-290.985 61.6981 364.879
180 277.122 180

-290.952 62.6298 364.611
180 277.122 180

-290.918 63.5653 364.342
180 277.122 180

-290.885 64.5009 364.074
180 277.122 180

-290.851 65.4384 363.807
180 277.122 180

-290.818 66.3759 363.542
180 277.122 180

-290.785 67.3173 363.277
180 277.122 180

-290.752 68.2587 363.015
180 277.122 180

-290.72 69.204 362.753
180 277.122 180

-290.687 70.1493 362.493
180 277.122 180

-290.655 71.0946 362.234
180 277.122 180

-290.623 72.0438 361.976
180 277.122 180

-290.591 72.9931 361.721
180 277.122 180

-290.559 73.9423 361.466
180 277.122 180

-290.528 74.8954 361.215
180 277.122 180

-290.496 75.8485 360.965
180 277.122 180

-290.465 76.8017 360.717
180 277.122 180

-290.435 77.7548 360.474
180 277.122 180

-290.405 78.7079 360.232
180 277.122 180

-290.374 79.661 359.99
180 277.122 180

-290.344 80.6142 359.748
180 277.122 180

-290.314 81.5673 359.506
180 277.122 180

-290.284 82.5204 359.265
180 277.122 180

-290.254 83.4735 359.023
180 277.122 180

-290.223 84.4267 358.781
180 277.122 180

-290.193 85.3798 358.539
180 277.122 180

-290.163 86.3329 358.297
180 277.122 180

-290.133 87.286 358.055
180 277.122 180

-290.103 88.2392 357.813
180 277.122 180

-290.072 89.1923 357.571
180 277.122 180

-290.042 90.1454 357.33
180 277.122 180

-290.012 91.0985 357.088
180 277.122 180

-289.982 92.0517 356.846
180 277.122 180

-289.952 93.0048 356.604
180 277.122 180

-289.921 93.9579 356.362
180 277.122 180

-289.891 94.911 356.12
180 277.122 180

-289.861 95.8642 355.878
180 277.122 180

-289.831 96.8173 355.636
180 277.122 180

-289.8 97.7704 355.394
180 277.122 180

-289.77 98.7235 355.153
180 277.122 180

-289.74 99.6767 354.911
180 277.122 180

-289.71 100.63 354.669
180 277.122 180

-289.68 101.583 354.427
180 277.122 180

-289.649 102.536 354.185
180 277.122 180

-289.619 103.489 353.943
180 277.122 180

-289.589 104.442 353.701
180 277.122 180

-289.559 105.395 353.459
180 277.122 180

-289.529 106.349 353.218
180 277.122 180

-289.498 107.302 352.976
180 277.122 180

-289.468 108.255 352.734
180 277.122 180

-289.438 109.208 352.492
180 277.122 180

-289.408 110.161 352.25
180 277.122 180

-289.377 111.114 352.008
180 277.122 180

-289.347 112.067 351.766
180 277.122 180

-289.317 113.02 351.524
180 277.122 180

-289.287 113.974 351.282
180 277.122 180

-289.257 114.927 351.041
180 277.122 180

-289.226 115.88 350.799
180 277.122 180

-289.196 116.833 350.557
180 277.122 180

-289.166 117.786 350.315
180 277.122 180

-289.136 118.739 350.073
180 277.122 180

-289.106 119.692 349.831
180 277.122 180

-289.076 120.645 349.591
180 277.122 180

-289.046 121.599 349.351
180 277.122 180

-289.016 122.552 349.112
180 277.122 180

-288.986 123.505 348.873
180 277.122 180

-288.956 124.458 348.636
180 277.122 180

-288.927 125.411 348.399
180 277.122 180

-288.897 126.364 348.163
180 277.122 180

-288.868 127.317 347.927
180 277.122 180

-288.838 128.27 347.693
180 277.122 180

-288.81 129.224 347.462
180 277.122 180

-288.781 130.177 347.233
180 277.122 180

-288.752 131.13 347.003
180 277.122 180

-288.724 132.083 346.774
180 277.122 180

-288.695 133.036 346.544
180 277.122 180

-288.666 133.989 346.315
180 277.122 180

-288.638 134.942 346.085
180 277.122 180

-288.609 135.895 345.856
180 277.122 180

-288.58 136.849 345.626
180 277.122 180

-288.552 137.802 345.397
180 277.122 180

-288.523 138.755 345.167
180 277.122 180

-288.494 139.708 344.938
180 277.122 180

-288.466 140.661 344.709
180 277.122 180

-288.437 141.614 344.479
180 277.122 180

-288.408 142.567 344.25
180 277.122 180

-288.38 143.52 344.02
180 277.122 180

-288.351 144.474 343.791
180 277.122 180

-288.322 145.427 343.561
180 277.122 180

-288.294 146.38 343.332
180 277.122 180

-288.265 147.333 343.102
180 277.122 180

-288.236 148.286 342.873
180 277.122 180

-288.208 149.239 342.643
180 277.122 180

-288.179 150.192 342.414
180 277.122 180

-288.15 151.145 342.184
180 277.122 180

-288.122 152.099 341.955
180 277.122 180

-288.093 153.052 341.726
180 277.122 180

-288.064 154.005 341.496
180 277.122 180

-288.036 154.958 341.267
180 277.122 180

-288.007 155.911 341.037
180 277.122 180

-287.978 156.864 340.808
180 277.122 180

-287.95 157.817 340.578
180 277.122 180

-287.921 158.77 340.349
180 277.122 180

-287.893 159.724 340.119
180 277.122 180

-287.864 160.677 339.89
180 277.122 180

-287.835 161.63 339.66
180 277.122 180

-287.807 162.583 339.431
180 277.122 180

-287.778 163.536 339.201
180 277.122 180

-287.749 164.489 338.972
180 277.122 180

-287.721 165.442 338.743
180 277.122 180

-287.692 166.395 338.513
180 277.122 180

-287.663 167.349 338.284
180 277.122 180

-287.635 168.302 338.054
180 277.122 180

-287.606 169.255 337.825
180 277.122 180

-287.577 170.208 337.595
180 277.122 180

-287.549 171.161 337.366
180 277.122 180

-287.52 172.114 337.136
180 277.122 180

-287.491 173.067 336.907
180 277.122 180

-287.463 174.02 336.677
180 277.122 180

-287.434 174.974 336.448
180 277.122 180

-287.405 175.927 336.218
180 277.122 180

-287.377 176.88 335.989
180 277.122 180

-287.348 177.833 335.76
180 277.122 180

-287.319 178.786 335.53
180 277.122 180

-287.291 179.739 335.301
180 277.122 180

-287.262 180.692 335.071
180 277.122 180

-287.233 181.645 334.842
180 277.122 180

-287.205 182.599 334.612
180 277.122 180

-287.176 183.552 334.383
180 277.122 180

-287.147 184.505 334.153
180 277.122 180

-287.119 185.458 333.924
180 277.122 180

-287.09 186.411 333.694
180 277.122 180

-287.061 187.364 333.465
180 277.122 180

-287.033 188.317 333.235
180 277.122 180

-287.004 189.27 333.006
180 277.122 180

-286.976 190.224 332.778
180 277.122 180

-286.947 191.177 332.55
180 277.122 180

-286.919 192.13 332.322
180 277.122 180

-286.89 193.083 332.096
180 277.122 180

-286.862 194.04 331.871
180 277.122 180

-286.834 194.997 331.646
180 277.122 180

-286.806 195.954 331.423
180 277.122 180

-286.779 196.911 331.201
180 277.122 180

-286.751 197.868 330.981
180 277.122 180

-286.724 198.825 330.761
180 277.122 180

-286.696 199.782 330.542
180 277.122 180

-286.669 200.739 330.325
180 277.122 180

-286.642 201.696 330.11
180 277.122 180

-286.615 202.653 329.894
180 277.122 180

-286.589 203.61 329.682
180 277.122 180

-286.563 204.567 329.473
180 277.122 180

-286.537 205.524 329.263
180 277.122 180

-286.511 206.481 329.055
180 277.122 180

-286.485 207.438 328.849
180 277.122 180

-286.459 208.395 328.643
180 277.122 180

-286.434 209.352 328.438
180 277.122 180

-286.408 210.309 328.234
180 277.122 180

-286.382 211.266 328.029
180 277.122 180

-286.357 212.224 327.826
180 277.122 180

-286.332 213.181 327.623
180 277.122 180

-286.306 214.138 327.42
180 277.122 180

-286.281 215.095 327.217
180 277.122 180

-286.256 216.052 327.017
180 277.122 180

-286.231 217.009 326.817
180 277.122 180

-286.206 217.966 326.62
180 277.122 180

-286.182 218.923 326.424
180 277.122 180

-286.158 219.88 326.231
180 277.122 180

-286.133 220.837 326.037
180 277.122 180

-286.109 221.794 325.845
180 277.122 180

-286.086 222.751 325.654
180 277.122 180

-286.062 223.708 325.463
180 277.122 180

-286.038 224.665 325.276
180 277.122 180

-286.015 225.622 325.09
180 277.122 180

-285.992 226.579 324.905
180 277.122 180

-285.969 227.536 324.724
180 277.122 180

-285.947 228.493 324.544
180 277.122 180

-285.924 229.45 324.364
180 277.122 180

-285.902 230.407 324.186
180 277.122 180

-285.88 231.364 324.009
180 277.122 180

-285.858 232.319 323.834
180 277.122 180

-285.836 233.274 323.658
180 277.122 180

-285.815 234.229 323.485
180 277.122 180

-285.793 235.184 323.311
180 277.122 180

-285.771 236.14 323.138
180 277.122 180

-285.75 237.095 322.965
180 277.122 180

-285.728 238.05 322.793
180 277.122 180

-285.707 239.005 322.621
180 277.122 180

-285.685 239.96 322.449
180 277.122 180

-285.664 240.915 322.277
180 277.122 180

-285.642 241.87 322.105
180 277.122 180

-285.621 242.825 321.933
180 277.122 180

-285.599 243.78 321.761
180 277.122 180

-285.578 244.735 321.589
180 277.122 180

-285.556 245.69 321.417
180 277.122 180

-285.535 246.645 321.245
180 277.122 180

-285.513 247.6 321.072
180 277.122 180

-285.491 248.556 320.9
180 277.122 180

-285.47 249.511 320.728
180 277.122 180

-285.448 250.466 320.556
180 277.122 180

-285.427 251.421 320.384
180 277.122 180

-285.405 252.376 320.212
180 277.122 180

-285.384 253.331 320.04
180 277.122 180

-285.362 254.286 319.868
180 277.122 180

-285.341 255.241 319.696
180 277.122 180

-285.319 256.196 319.524
180 277.122 180

-285.298 257.151 319.352
180 277.122 180

-285.276 258.106 319.179
180 277.122 180

-285.255 259.061 319.007
180 277.122 180

-285.233 260.016 318.835
180 277.122 180

-285.212 260.972 318.663
180 277.122 180

-285.19 261.927 318.491
180 277.122 180

-285.169 262.882 318.319
180 277.122 180

-285.147 263.837 318.147
180 277.122 180

-285.126 264.792 317.975
180 277.122 180

-285.104 265.747 317.803
180 277.122 180

-285.083 266.702 317.631
180 277.122 180

-285.061 267.657 317.459
180 277.122 180

-285.04 268.612 317.286
180 277.122 180

-285.018 269.567 317.114
180 277.122 180

-284.997 270.522 316.942
180 277.122 180

-284.975 271.477 316.77
180 277.122 180

-284.954 272.432 316.598
180 277.122 180

-284.932 273.388 316.426
180 277.122 180

-284.911 274.343 316.254
180 277.122 180

-284.889 275.298 316.082
180 277.122 180

-284.868 276.253 315.91
180 277.122 180

-284.846 277.208 315.738
180 277.122 180

-284.825 278.163 315.566
180 277.122 180

-284.803 279.118 315.394
180 277.122 180

-284.781 280.073 315.221
180 277.122 180

-284.76 281.028 315.049
180 277.122 180

-284.738 281.983 314.877
180 277.122 180

-284.717 282.938 314.705
180 277.122 180

-284.695 283.893 314.533
180 277.122 180

-284.674 284.849 314.361
180 277.122 180

-284.652 285.804 314.189
180 277.122 180

-284.631 286.759 314.017
180 277.122 180

-284.609 287.714 313.845
180 277.122 180

-284.588 288.669 313.673
180 277.122 180

-284.566 289.624 313.501
180 277.122 180

-284.545 290.579 313.328
180 277.122 180

-284.523 291.534 313.156
180 277.122 180

-284.502 292.489 312.984
180 277.122 180

-284.48 293.444 312.812
180 277.122 180

-284.459 294.399 312.64
180 277.122 180

-284.437 295.354 312.468
180 277.122 180

-284.416 296.309 312.296
180 277.122 180

-284.394 297.265 312.124
180 277.122 180

-284.373 298.22 311.952
180 277.122 180

-284.351 299.175 311.78
180 277.122 180

-284.33 300.13 311.608
180 277.122 180

-284.308 301.085 311.435
180 277.122 180

-284.287 302.04 311.263
180 277.122 180

-284.265 302.995 311.091
180 277.122 180

-284.244 303.95 310.919
180 277.122 180

-284.222 304.905 310.747
180 277.122 180

-284.201 305.86 310.575
180 277.122 180

-284.179 306.815 310.403
180 277.122 180

-284.158 307.77 310.231
180 277.122 180

-284.136 308.725 310.059
180 277.122 180

-284.115 309.681 309.887
180 277.122 180

-284.093 310.636 309.715
180 277.122 180

-284.072 311.591 309.543
180 277.122 180

-284.05 312.546 309.37
180 277.122 180

-284.028 313.501 309.198
180 277.122 180

-284.007 314.456 309.026
180 277.122 180

-283.985 315.411 308.854
180 277.122 180

-283.964 316.366 308.682
180 277.122 180

-283.942 317.321 308.51
180 277.122 180

-283.921 318.276 308.338
180 277.122 180

-283.899 319.231 308.166
180 277.122 180

-283.878 320.186 307.994
180 277.122 180

-283.856 321.141 307.822
180 277.122 180

-283.835 322.097 307.65
180 277.122 180

-283.813 323.052 307.477
180 277.122 180

-283.792 324.007 307.305
180 277.122 180

-283.77 324.962 307.133
180 277.122 180

-283.749 325.917 306.961
180 277.122 180

-283.727 326.872 306.789
180 277.122 180

-283.706 327.827 306.617
180 277.122 180

-283.684 328.782 306.445
180 277.122 180

-283.663 329.737 306.273
180 277.122 180

-283.641 330.692 306.101
180 277.122 180

-283.62 331.647 305.929
180 277.122 180

-283.598 332.602 305.757
180 277.122 180

-283.577 333.557 305.584
180 277.122 180

-283.555 334.513 305.412
180 277.122 180

-283.534 335.468 305.24
180 277.122 180

-283.512 336.423 305.068
180 277.122 180

-283.491 337.378 304.896
180 277.122 180

-283.469 338.333 304.724
180 277.122 180

-283.448 339.288 304.552
180 277.122 180

-283.426 340.243 304.38
180 277.122 180

-283.405 341.198 304.208
180 277.122 180

-283.383 342.153 304.036
180 277.122 180

-283.362 343.108 303.864
180 277.122 180

-283.34 344.063 303.691
180 277.122 180

-283.318 345.018 303.519
180 277.122 180

-283.297 345.974 303.347
180 277.122 180

-283.275 346.929 303.175
180 277.122 180

-283.254 347.884 303.003
180 277.122 180

-283.232 348.839 302.831
180 277.122 180

-283.211 349.794 302.659
180 277.122 180

-283.189 350.749 302.487
180 277.122 180

-283.168 351.704 302.315
180 277.122 180

-283.146 352.659 302.143
180 277.122 180

-283.125 353.614 301.971
180 277.122 180

-283.103 354.569 301.799
180 277.122 180

-283.082 355.524 301.626
180 277.122 180

-283.06 356.479 301.454
180 277.122 180

-283.039 357.434 301.282
180 277.122 180

-283.017 358.39 301.11
180 277.122 180

-282.996 359.345 300.938
180 277.122 180

-282.974 360.3 300.766
180 277.122 180

-282.953 361.255 300.594
180 277.122 180

-282.931 362.21 300.422
180 277.122 180

-282.91 363.165 300.25
180 277.122 180

-282.888 364.12 300.078
180 277.122 180

-282.867 365.075 299.906
180 277.122 180

-282.845 366.03 299.733
180 277.122 180

-282.824 366.985 299.561
180 277.122 180

-282.802 367.94 299.389
180 277.122 180

-282.781 368.895 299.217
180 277.122 180

-282.759 369.85 299.045
180 277.122 180

-282.738 370.806 298.873
180 277.122 180

-282.716 371.761 298.701
180 277.122 180

-282.695 372.716 298.529
180 277.122 180

-282.673 373.671 298.357
180 277.122 180

-282.652 374.626 298.185
180 277.122 180

-282.63 375.581 298.013
180 277.122 180

-282.608 376.536 297.84
180 277.122 180

-282.587 377.491 297.668
180 277.122 180

-282.565 378.446 297.496
180 277.122 180

-282.544 379.401 297.324
180 277.122 180

-282.522 380.356 297.152
180 277.122 180

-282.501 381.311 296.98
180 277.122 180

-282.479 382.266 296.808
180 277.122 180

-282.458 383.222 296.636
180 277.122 180

-282.436 384.177 296.464
180 277.122 180

-282.415 385.132 296.292
180 277.122 180

-282.393 386.087 296.12
180 277.122 180

-282.372 387.042 295.948
180 277.122 180

-282.35 387.997 295.775
180 277.122 180

-282.329 388.952 295.603
180 277.122 180

-282.307 389.907 295.431
180 277.122 180

-282.286 390.862 295.259
180 277.122 180

-282.264 391.817 295.087
180 277.122 180

-282.243 392.772 294.915
180 277.122 180

-282.221 393.727 294.743
180 277.122 180
