729 -2065.5 30.954 617.634
2.09939e-009 274.656 2.10558e-009

-2065.5 30.954 617.634
2.09939e-009 274.656 2.10558e-009

-2065.5 30.954 617.634
2.09939e-009 274.656 2.10558e-009

-2065.5 30.954 617.634
2.09939e-009 274.656 2.10558e-009

-2065.5 30.954 617.634
2.09939e-009 274.656 2.10558e-009

-2065.5 30.954 617.634
2.09939e-009 274.656 2.10558e-009

-2065.5 30.954 617.634
2.09939e-009 274.656 2.10558e-009

-2065.5 30.954 617.634
2.09939e-009 274.656 2.10558e-009

-2065.5 30.954 617.634
2.09939e-009 274.656 2.10558e-009

-2065.5 30.954 617.634
2.09939e-009 274.656 2.10558e-009

-2065.5 30.954 617.634
2.09939e-009 274.656 2.10558e-009

-2065.5 30.954 617.634
2.09939e-009 274.656 2.10558e-009

-2065.5 30.954 617.634
2.09939e-009 274.656 2.10558e-009

-2065.5 30.954 617.634
2.09939e-009 274.656 2.10558e-009

-2065.5 30.954 617.634
2.09939e-009 274.656 2.10558e-009

-2065.5 30.954 617.634
2.09939e-009 274.656 2.10558e-009

-2065.5 30.954 617.634
2.09939e-009 274.656 2.10558e-009

-2065.5 30.954 617.634
2.09939e-009 274.656 2.10558e-009

-2065.5 30.954 617.634
2.09939e-009 274.656 2.10558e-009

-2065.5 30.954 617.634
2.09939e-009 274.656 2.10558e-009

-2065.5 30.954 617.634
2.09939e-009 274.656 2.10558e-009

-2065.5 30.954 617.634
2.09939e-009 274.656 2.10558e-009

-2065.5 30.954 617.634
2.09939e-009 274.656 2.10558e-009

-2065.5 30.954 617.634
2.09939e-009 274.656 2.10558e-009

-2065.5 30.954 617.634
2.09939e-009 274.656 2.10558e-009

-2065.5 30.954 617.634
2.09939e-009 274.656 2.10558e-009

-2065.5 30.954 617.634
2.09939e-009 274.656 2.10558e-009

-2065.5 30.954 617.634
2.09939e-009 274.656 2.10558e-009

-2065.5 30.954 617.634
2.09939e-009 274.656 2.10558e-009

-2065.5 30.954 617.634
2.09939e-009 274.656 2.10558e-009

-2065.5 30.954 617.634
2.09939e-009 274.656 2.10558e-009

-2065.5 30.954 617.634
2.09939e-009 274.656 2.10558e-009

-2065.5 30.954 617.634
2.09939e-009 274.656 2.10558e-009

-2065.5 30.954 617.634
2.09939e-009 274.656 2.10558e-009

-2065.5 30.954 617.634
2.09939e-009 274.656 2.10558e-009

-2065.5 30.954 617.634
2.09939e-009 274.656 2.10558e-009

-2065.5 30.954 617.634
2.09939e-009 274.656 2.10558e-009

-2065.5 30.954 617.634
2.09939e-009 274.656 2.10558e-009

-2065.5 30.954 617.634
2.09939e-009 274.656 2.10558e-009

-2065.5 30.954 617.634
2.09939e-009 274.656 2.10558e-009

-2065.5 30.954 617.634
2.09939e-009 274.656 2.10558e-009

-2065.5 30.954 617.634
2.09939e-009 274.656 2.10558e-009

-2065.5 30.954 617.634
2.09939e-009 274.656 2.10558e-009

-2065.5 30.954 617.634
2.09939e-009 274.656 2.10558e-009

-2065.5 30.954 617.634
2.09939e-009 274.656 2.10558e-009

-2065.5 30.954 617.634
2.09939e-009 274.656 2.10558e-009

-2065.5 30.954 617.634
2.09939e-009 274.656 2.10558e-009

-2065.5 30.954 617.634
2.09939e-009 274.656 2.10558e-009

-2065.5 30.954 617.634
2.09939e-009 274.656 2.10558e-009

-2065.5 30.954 617.634
2.09939e-009 274.656 2.10558e-009

-2065.5 30.954 617.634
2.09939e-009 274.656 2.10558e-009

-2065.5 30.954 617.634
2.09939e-009 274.656 2.10558e-009

-2065.5 30.954 617.634
2.09939e-009 274.656 2.10558e-009

-2065.5 30.954 617.634
2.09939e-009 274.656 2.10558e-009

-2065.5 30.954 617.634
2.09939e-009 274.656 2.10558e-009

-2065.5 30.954 617.634
2.09939e-009 274.656 2.10558e-009

-2065.5 30.954 617.634
2.09939e-009 274.656 2.10558e-009

-2065.61 30.954 617.643
1.98623e-009 274.92 1.99282e-009

-2065.71 30.954 617.653
1.88344e-009 275.187 1.89043e-009

-2065.82 30.954 617.663
1.7876e-009 275.463 1.795e-009

-2065.92 30.954 617.673
1.69818e-009 275.749 1.70601e-009

-2066.03 30.954 617.684
1.61342e-009 276.049 1.62169e-009

-2066.13 30.954 617.696
1.53284e-009 276.365 1.54159e-009

-2066.24 30.954 617.708
1.4564e-009 276.696 1.46565e-009

-2066.34 30.954 617.721
1.38435e-009 277.042 1.39411e-009

-2066.45 30.954 617.735
1.31703e-009 277.398 1.32732e-009

-2066.55 30.954 617.749
1.25407e-009 277.765 1.26491e-009

-2066.65 30.954 617.763
1.19513e-009 278.143 1.20655e-009

-2066.75 30.954 617.778
1.13928e-009 278.537 1.15128e-009

-2066.84 30.954 617.792
1.08677e-009 278.943 1.09938e-009

-2066.93 30.954 617.807
1.03773e-009 279.359 1.05096e-009

-2067.01 30.954 617.822
9.92335e-010 279.779 1.0062e-009

-2067.1 30.954 617.837
9.50056e-010 280.206 9.64563e-010

-2067.18 30.954 617.852
9.10861e-010 280.635 9.26014e-010

-2067.26 30.954 617.867
8.7455e-010 281.066 8.90352e-010

-2067.33 30.954 617.883
8.40696e-010 281.501 8.57152e-010

-2067.41 30.954 617.898
8.08947e-010 281.94 8.26065e-010

-2067.48 30.954 617.914
7.79216e-010 282.382 7.97001e-010

-2067.54 30.954 617.929
7.51316e-010 282.827 7.69773e-010

-2067.6 30.954 617.943
7.24992e-010 283.277 7.44129e-010

-2067.65 30.954 617.955
7.00116e-010 283.732 7.19941e-010

-2067.69 30.954 617.965
6.76417e-010 284.195 6.96942e-010

-2067.72 30.954 617.972
6.53892e-010 284.663 6.75128e-010

-2067.74 30.954 617.978
6.32529e-010 285.137 6.54482e-010

-2067.76 30.954 617.982
6.12303e-010 285.613 6.3498e-010

-2067.77 30.954 617.986
5.93125e-010 286.093 6.16532e-010

-2067.77 30.954 617.988
5.74857e-010 286.577 5.99001e-010

-2067.77 30.954 617.988
5.5749e-010 287.065 5.82377e-010

-2067.77 30.954 617.986
5.40957e-010 287.556 5.66592e-010

-2067.76 30.954 617.983
5.2515e-010 288.051 5.51542e-010

-2067.74 30.954 617.977
5.10068e-010 288.549 5.37222e-010

-2067.72 30.954 617.969
4.9566e-010 289.051 5.23583e-010

-2067.69 30.954 617.959
4.8184e-010 289.557 5.1054e-010

-2067.65 30.954 617.946
4.68612e-010 290.067 4.98095e-010

-2067.62 30.954 617.932
4.55861e-010 290.582 4.86138e-010

-2067.58 30.954 617.916
4.43636e-010 291.101 4.74712e-010

-2067.53 30.954 617.899
4.31867e-010 291.624 4.63752e-010

-2067.48 30.954 617.88
4.20564e-010 292.151 4.53264e-010

-2067.44 30.954 617.86
4.09697e-010 292.681 4.43218e-010

-2067.39 30.954 617.839
3.9921e-010 293.215 4.33561e-010

-2067.33 30.954 617.815
3.89084e-010 293.754 4.24273e-010

-2067.28 30.954 617.79
3.79326e-010 294.296 4.1536e-010

-2067.22 30.954 617.763
3.69864e-010 294.845 4.06755e-010

-2067.16 30.954 617.734
3.60734e-010 295.396 3.98488e-010

-2067.1 30.954 617.703
3.51869e-010 295.954 3.90499e-010

-2067.03 30.954 617.669
3.43212e-010 296.521 3.82734e-010

-2066.95 30.954 617.632
3.34847e-010 297.092 3.75268e-010

-2066.88 30.954 617.592
3.26715e-010 297.668 3.68046e-010

-2066.8 30.954 617.547
3.18764e-010 298.254 3.61023e-010

-2066.71 30.954 617.498
3.1105e-010 298.845 3.54247e-010

-2066.61 30.954 617.444
3.03504e-010 299.445 3.47656e-010

-2066.51 30.954 617.386
2.96103e-010 300.056 3.4123e-010

-2066.4 30.954 617.323
2.88933e-010 300.67 3.35044e-010

-2066.3 30.954 617.257
2.81949e-010 301.29 3.29056e-010

-2066.18 30.954 617.188
2.75143e-010 301.917 3.2326e-010

-2066.07 30.954 617.116
2.68539e-010 302.546 3.17673e-010

-2065.96 30.954 617.041
2.62128e-010 303.179 3.12288e-010

-2065.84 30.954 616.96
2.5587e-010 303.818 3.07069e-010

-2065.71 30.954 616.876
2.49787e-010 304.46 3.02035e-010

-2065.59 30.954 616.787
2.4383e-010 305.11 2.97142e-010

-2065.46 30.954 616.694
2.38007e-010 305.767 2.92398e-010

-2065.32 30.954 616.595
2.32314e-010 306.429 2.87798e-010

-2065.19 30.954 616.493
2.26732e-010 307.099 2.83326e-010

-2065.05 30.954 616.385
2.21258e-010 307.777 2.7898e-010

-2064.91 30.954 616.272
2.15889e-010 308.463 2.74755e-010

-2064.76 30.954 616.155
2.10644e-010 309.154 2.70668e-010

-2064.62 30.954 616.035
2.05518e-010 309.849 2.66713e-010

-2064.47 30.954 615.909
2.00506e-010 310.549 2.62884e-010

-2064.33 30.954 615.78
1.95613e-010 311.253 2.59186e-010

-2064.18 30.954 615.645
1.90825e-010 311.96 2.55606e-010

-2064.03 30.954 615.507
1.86135e-010 312.673 2.52138e-010

-2063.88 30.954 615.365
1.81551e-010 313.388 2.48787e-010

-2063.73 30.954 615.221
1.77067e-010 314.107 2.45548e-010

-2063.58 30.954 615.072
1.72679e-010 314.829 2.42416e-010

-2063.43 30.954 614.917
1.68382e-010 315.554 2.39388e-010

-2063.28 30.954 614.76
1.64164e-010 316.284 2.36454e-010

-2063.12 30.954 614.599
1.60039e-010 317.015 2.33622e-010

-2062.97 30.954 614.433
1.55977e-010 317.753 2.30871e-010

-2062.82 30.954 614.264
1.51992e-010 318.493 2.28211e-010

-2062.68 30.954 614.091
1.48081e-010 319.237 2.25638e-010

-2062.53 30.954 613.913
1.44241e-010 319.984 2.2315e-010

-2062.38 30.954 613.73
1.40476e-010 320.732 2.20748e-010

-2062.23 30.954 613.542
1.36767e-010 321.485 2.18419e-010

-2062.08 30.954 613.351
1.33128e-010 322.24 2.16172e-010

-2061.93 30.954 613.156
1.29563e-010 322.995 2.14007e-010

-2061.78 30.954 612.956
1.26053e-010 323.753 2.11913e-010

-2061.64 30.954 612.751
1.22611e-010 324.51 2.09896e-010

-2061.49 30.954 612.537
1.19219e-010 325.271 2.07946e-010

-2061.34 30.954 612.315
1.15889e-010 326.032 2.06067e-010

-2061.19 30.954 612.087
1.12605e-010 326.796 2.0425e-010

-2061.04 30.954 611.849
1.09378e-010 327.56 2.02501e-010

-2060.89 30.954 611.605
1.06192e-010 328.327 2.0081e-010

-2060.74 30.954 611.35
1.03058e-010 329.095 1.99182e-010

-2060.58 30.954 611.085
9.99746e-011 329.862 1.97616e-010

-2060.43 30.954 610.814
9.69383e-011 330.629 1.96109e-010

-2060.28 30.954 610.535
9.39475e-011 331.396 1.9466e-010

-2060.13 30.954 610.25
9.1e-011 332.163 1.93266e-010

-2059.98 30.954 609.956
8.80939e-011 332.931 1.91926e-010

-2059.83 30.954 609.655
8.52273e-011 333.698 1.90639e-010

-2059.68 30.954 609.346
8.23984e-011 334.465 1.89402e-010

-2059.54 30.954 609.033
7.96111e-011 335.231 1.88218e-010

-2059.4 30.954 608.713
7.68636e-011 335.995 1.87083e-010

-2059.26 30.954 608.388
7.4154e-011 336.757 1.85997e-010

-2059.12 30.954 608.056
7.14807e-011 337.518 1.84959e-010

-2058.98 30.954 607.719
6.88421e-011 338.277 1.83966e-010

-2058.85 30.954 607.374
6.62471e-011 339.032 1.83021e-010

-2058.72 30.954 607.022
6.36836e-011 339.785 1.8212e-010

-2058.59 30.954 606.663
6.115e-011 340.537 1.8126e-010

-2058.47 30.954 606.295
5.86449e-011 341.287 1.80441e-010

-2058.35 30.954 605.916
5.61671e-011 342.035 1.79661e-010

-2058.23 30.954 605.528
5.37154e-011 342.782 1.7892e-010

-2058.11 30.954 605.135
5.12884e-011 343.527 1.78217e-010

-2058 30.954 604.734
4.88851e-011 344.271 1.7755e-010

-2057.89 30.954 604.325
4.65042e-011 345.013 1.7692e-010

-2057.78 30.954 603.906
4.41448e-011 345.754 1.76324e-010

-2057.68 30.954 603.473
4.18156e-011 346.49 1.75765e-010

-2057.58 30.954 603.026
3.95106e-011 347.223 1.75241e-010

-2057.48 30.954 602.554
3.72481e-011 347.946 1.74755e-010

-2057.38 30.954 602.065
3.50123e-011 348.665 1.74302e-010

-2057.28 30.954 601.563
3.28022e-011 349.379 1.73881e-010

-2057.19 30.954 601.043
3.06169e-011 350.088 1.73491e-010

-2057.11 30.954 600.509
2.84553e-011 350.793 1.73132e-010

-2057.02 30.954 599.96
2.63118e-011 351.495 1.72802e-010

-2056.95 30.954 599.401
2.41905e-011 352.191 1.72501e-010

-2056.88 30.954 598.83
2.20903e-011 352.884 1.72229e-010

-2056.81 30.954 598.251
2.00013e-011 353.574 1.71982e-010

-2056.75 30.954 597.662
1.79226e-011 354.263 1.71762e-010

-2056.7 30.954 597.067
1.58536e-011 354.951 1.71568e-010

-2056.65 30.954 596.465
1.37937e-011 355.637 1.71399e-010

-2056.61 30.954 595.855
1.17469e-011 356.32 1.71255e-010

-2056.58 30.954 595.239
9.70795e-012 357.001 1.71136e-010

-2056.56 30.954 594.616
7.67618e-012 357.681 1.71042e-010

-2056.54 30.954 593.99
5.65103e-012 358.359 1.70972e-010

-2056.53 30.954 593.357
3.63191e-012 359.035 1.70926e-010

-2056.52 30.954 592.716
1.61826e-012 359.71 1.70904e-010

-2056.53 30.954 592.068
360 0.380548 1.70906e-010

-2056.54 30.954 591.41
1.93648e-008 1.04617 1.7093e-010

-2056.56 30.954 590.746
1.93629e-008 1.70555 1.70978e-010

-2056.59 30.954 590.075
1.93609e-008 2.3618 1.71047e-010

-2056.62 30.954 589.394
1.9359e-008 3.0118 1.71138e-010

-2056.67 30.954 588.708
1.9357e-008 3.65711 1.71251e-010

-2056.72 30.954 588.011
1.93551e-008 4.2993 1.71384e-010

-2056.78 30.954 587.304
1.93532e-008 4.93367 1.71537e-010

-2056.85 30.954 586.593
1.93513e-008 5.56336 1.71711e-010

-2056.93 30.954 585.874
1.93494e-008 6.18992 1.71904e-010

-2057.02 30.954 585.149
1.93475e-008 6.8118 1.72117e-010

-2057.11 30.954 584.419
1.93457e-008 7.43055 1.72349e-010

-2057.21 30.954 583.686
1.93438e-008 8.04617 1.72601e-010

-2057.33 30.954 582.946
1.93419e-008 8.66024 1.72873e-010

-2057.45 30.954 582.204
1.93401e-008 9.27118 1.73164e-010

-2057.58 30.954 581.46
1.93382e-008 9.88055 1.73475e-010

-2057.72 30.954 580.712
1.93363e-008 10.4884 1.73806e-010

-2057.86 30.954 579.963
1.93344e-008 11.0931 1.74156e-010

-2058.02 30.954 579.21
1.93326e-008 11.6946 1.74525e-010

-2058.18 30.954 578.452
1.93307e-008 12.293 1.74912e-010

-2058.36 30.954 577.692
1.93288e-008 12.8884 1.75319e-010

-2058.54 30.954 576.927
1.9327e-008 13.4821 1.75745e-010

-2058.73 30.954 576.16
1.93251e-008 14.0727 1.7619e-010

-2058.94 30.954 575.389
1.93232e-008 14.6602 1.76653e-010

-2059.15 30.954 574.618
1.93214e-008 15.2446 1.77135e-010

-2059.36 30.954 573.844
1.93195e-008 15.8243 1.77634e-010

-2059.59 30.954 573.068
1.93176e-008 16.4009 1.78151e-010

-2059.83 30.954 572.291
1.93158e-008 16.9743 1.78686e-010

-2060.08 30.954 571.514
1.93139e-008 17.5415 1.79237e-010

-2060.33 30.954 570.735
1.93121e-008 18.1071 1.79806e-010

-2060.59 30.954 569.954
1.93102e-008 18.668 1.80393e-010

-2060.87 30.954 569.168
1.93084e-008 19.2227 1.80993e-010

-2061.15 30.954 568.382
1.93065e-008 19.7727 1.81609e-010

-2061.44 30.954 567.594
1.93047e-008 20.318 1.82241e-010

-2061.74 30.954 566.805
1.93028e-008 20.8602 1.8289e-010

-2062.05 30.954 566.016
1.9301e-008 21.3962 1.83552e-010

-2062.37 30.954 565.224
1.92992e-008 21.929 1.84231e-010

-2062.7 30.954 564.432
1.92973e-008 22.4555 1.84923e-010

-2063.04 30.954 563.639
1.92955e-008 22.979 1.85632e-010

-2063.38 30.954 562.844
1.92937e-008 23.4962 1.86353e-010

-2063.74 30.954 562.048
1.92918e-008 24.0071 1.87086e-010

-2064.1 30.954 561.252
1.929e-008 24.5134 1.87832e-010

-2064.47 30.954 560.454
1.92882e-008 25.0134 1.8859e-010

-2064.85 30.954 559.653
1.92864e-008 25.5071 1.89358e-010

-2065.24 30.954 558.853
1.92846e-008 25.9946 1.90137e-010

-2065.64 30.954 558.05
1.92828e-008 26.4743 1.90923e-010

-2066.05 30.954 557.248
1.92811e-008 26.9493 1.91721e-010

-2066.47 30.954 556.445
1.92793e-008 27.4212 1.92534e-010

-2066.89 30.954 555.642
1.92775e-008 27.8884 1.93358e-010

-2067.33 30.954 554.84
1.92757e-008 28.3524 1.94197e-010

-2067.77 30.954 554.037
1.92739e-008 28.8134 1.9505e-010

-2068.22 30.954 553.236
1.92722e-008 29.2712 1.95918e-010

-2068.67 30.954 552.436
1.92704e-008 29.7259 1.96799e-010

-2069.14 30.954 551.634
1.92686e-008 30.179 1.97698e-010

-2069.61 30.954 550.836
1.92668e-008 30.629 1.98611e-010

-2070.09 30.954 550.034
1.9265e-008 31.0743 1.99535e-010

-2070.58 30.954 549.237
1.92632e-008 31.5165 2.00474e-010

-2071.08 30.954 548.443
1.92614e-008 31.9524 2.01419e-010

-2071.58 30.954 547.653
1.92596e-008 32.3821 2.02372e-010

-2072.09 30.954 546.863
1.92578e-008 32.804 2.03327e-010

-2072.6 30.954 546.077
1.9256e-008 33.2212 2.04291e-010

-2073.13 30.954 545.292
1.92543e-008 33.6274 2.05249e-010

-2073.65 30.954 544.51
1.92526e-008 34.0259 2.06208e-010

-2074.19 30.954 543.732
1.92509e-008 34.4134 2.07158e-010

-2074.72 30.954 542.957
1.92492e-008 34.7899 2.081e-010

-2075.27 30.954 542.186
1.92476e-008 35.1587 2.09039e-010

-2075.82 30.954 541.418
1.9246e-008 35.5165 2.09967e-010

-2076.37 30.954 540.653
1.92444e-008 35.8602 2.10873e-010

-2076.93 30.954 539.892
1.92429e-008 36.1962 2.11774e-010

-2077.49 30.954 539.134
1.92414e-008 36.5212 2.12661e-010

-2078.05 30.954 538.379
1.92399e-008 36.8352 2.13531e-010

-2078.62 30.954 537.627
1.92385e-008 37.1384 2.14383e-010

-2079.2 30.954 536.878
1.92371e-008 37.4337 2.15226e-010

-2079.77 30.954 536.132
1.92358e-008 37.7149 2.16041e-010

-2080.35 30.954 535.39
1.92345e-008 37.9884 2.16843e-010

-2080.94 30.954 534.65
1.92332e-008 38.2509 2.17624e-010

-2081.52 30.954 533.914
1.9232e-008 38.5056 2.18392e-010

-2082.11 30.954 533.179
1.92308e-008 38.7493 2.19135e-010

-2082.7 30.954 532.448
1.92296e-008 38.9852 2.19864e-010

-2083.3 30.954 531.718
1.92285e-008 39.2118 2.20571e-010

-2083.9 30.954 530.991
1.92274e-008 39.4337 2.21272e-010

-2084.5 30.954 530.266
1.92263e-008 39.6493 2.21961e-010

-2085.1 30.954 529.544
1.92253e-008 39.8618 2.22647e-010

-2085.71 30.954 528.823
1.92242e-008 40.0681 2.23319e-010

-2086.31 30.954 528.105
1.92232e-008 40.2696 2.23983e-010

-2086.93 30.954 527.389
1.92222e-008 40.4649 2.24633e-010

-2087.54 30.954 526.674
1.92212e-008 40.654 2.25269e-010

-2088.15 30.954 525.962
1.92202e-008 40.8353 2.25884e-010

-2088.77 30.954 525.252
1.92193e-008 41.0118 2.26488e-010

-2089.39 30.954 524.543
1.92184e-008 41.1853 2.27087e-010

-2090.01 30.954 523.837
1.92175e-008 41.3509 2.27663e-010

-2090.64 30.954 523.132
1.92167e-008 41.5071 2.28212e-010

-2091.26 30.954 522.428
1.92159e-008 41.6571 2.28743e-010

-2091.89 30.954 521.726
1.92151e-008 41.7993 2.2925e-010

-2092.52 30.954 521.026
1.92144e-008 41.9353 2.29737e-010

-2093.15 30.954 520.327
1.92137e-008 42.0634 2.30201e-010

-2093.78 30.954 519.63
1.92131e-008 42.1837 2.30638e-010

-2094.42 30.954 518.933
1.92125e-008 42.2962 2.3105e-010

-2095.05 30.954 518.238
1.92119e-008 42.404 2.31446e-010

-2095.69 30.954 517.544
1.92113e-008 42.5024 2.3181e-010

-2096.32 30.954 516.851
1.92108e-008 42.5978 2.32165e-010

-2096.96 30.954 516.159
1.92103e-008 42.6884 2.32503e-010

-2097.6 30.954 515.468
1.92098e-008 42.7728 2.3282e-010

-2098.24 30.954 514.778
1.92094e-008 42.8478 2.33102e-010

-2098.88 30.954 514.089
1.9209e-008 42.9165 2.33362e-010

-2099.52 30.954 513.4
1.92087e-008 42.9821 2.33611e-010

-2100.17 30.954 512.712
1.92083e-008 43.0431 2.33843e-010

-2100.81 30.954 512.024
1.9208e-008 43.0993 2.34057e-010

-2101.45 30.954 511.338
1.92077e-008 43.1525 2.34261e-010

-2102.1 30.954 510.651
1.92074e-008 43.204 2.34459e-010

-2102.74 30.954 509.966
1.92072e-008 43.2525 2.34645e-010

-2103.39 30.954 509.281
1.92069e-008 43.2962 2.34814e-010

-2104.04 30.954 508.596
1.92067e-008 43.3368 2.34971e-010

-2104.68 30.954 507.912
1.92065e-008 43.3728 2.3511e-010

-2105.33 30.954 507.228
1.92063e-008 43.404 2.35231e-010

-2105.98 30.954 506.544
1.92062e-008 43.4321 2.35341e-010

-2106.62 30.954 505.861
1.9206e-008 43.4587 2.35444e-010

-2107.27 30.954 505.178
1.92059e-008 43.4837 2.35541e-010

-2107.92 30.954 504.495
1.92057e-008 43.5071 2.35633e-010

-2108.57 30.954 503.809
1.92056e-008 43.5275 2.35712e-010

-2109.22 30.954 503.124
1.92055e-008 43.5462 2.35785e-010

-2109.87 30.954 502.439
1.92054e-008 43.5634 2.35853e-010

-2110.53 30.954 501.754
1.92053e-008 43.5775 2.35908e-010

-2111.18 30.954 501.07
1.92053e-008 43.59 2.35957e-010

-2111.83 30.954 500.385
1.92052e-008 43.6009 2.36e-010

-2112.48 30.954 499.698
1.92051e-008 43.6118 2.36043e-010

-2113.14 30.954 499.011
1.92051e-008 43.6212 2.36079e-010

-2113.79 30.954 498.324
1.9205e-008 43.6306 2.36116e-010

-2114.45 30.954 497.637
1.9205e-008 43.6384 2.36147e-010

-2115.1 30.954 496.95
1.92049e-008 43.6447 2.36171e-010

-2115.76 30.954 496.263
1.92049e-008 43.6509 2.36196e-010

-2116.41 30.954 495.576
1.92049e-008 43.6556 2.36214e-010

-2117.07 30.954 494.889
1.92049e-008 43.6603 2.36233e-010

-2117.72 30.954 494.203
1.92048e-008 43.665 2.36251e-010

-2118.38 30.954 493.516
1.92048e-008 43.6697 2.3627e-010

-2119.04 30.954 492.83
1.92048e-008 43.6728 2.36282e-010

-2119.69 30.954 492.143
1.92048e-008 43.6759 2.36294e-010

-2120.35 30.954 491.454
1.92048e-008 43.679 2.36307e-010

-2121.01 30.954 490.765
1.92047e-008 43.6822 2.36319e-010

-2121.67 30.954 490.075
1.92047e-008 43.6853 2.36331e-010

-2122.32 30.954 489.386
1.92047e-008 43.6869 2.36338e-010

-2122.98 30.954 488.697
1.92047e-008 43.6884 2.36344e-010

-2123.64 30.954 488.008
1.92047e-008 43.69 2.3635e-010

-2124.3 30.954 487.319
1.92047e-008 43.6915 2.36356e-010

-2124.96 30.954 486.629
1.92047e-008 43.6931 2.36362e-010

-2125.62 30.954 485.94
1.92047e-008 43.6947 2.36368e-010

-2126.27 30.954 485.251
1.92046e-008 43.6962 2.36374e-010

-2126.93 30.954 484.562
1.92046e-008 43.6962 2.36374e-010

-2127.59 30.954 483.873
1.92046e-008 43.6962 2.36374e-010

-2128.25 30.954 483.184
1.92046e-008 43.6962 2.36374e-010

-2128.91 30.954 482.495
1.92046e-008 43.6962 2.36374e-010

-2129.57 30.954 481.806
1.92046e-008 43.6962 2.36374e-010

-2130.23 30.954 481.116
1.92046e-008 43.6962 2.36374e-010

-2130.89 30.954 480.424
1.92046e-008 43.6962 2.36374e-010

-2131.55 30.954 479.732
1.92046e-008 43.6962 2.36374e-010

-2132.21 30.954 479.041
1.92046e-008 43.6962 2.36374e-010

-2132.87 30.954 478.349
1.92046e-008 43.6962 2.36374e-010

-2133.53 30.954 477.657
1.92046e-008 43.6962 2.36374e-010

-2134.19 30.954 476.965
1.92046e-008 43.6962 2.36374e-010

-2134.85 30.954 476.273
1.92046e-008 43.6962 2.36374e-010

-2135.51 30.954 475.581
1.92046e-008 43.6962 2.36374e-010

-2136.18 30.954 474.889
1.92046e-008 43.6962 2.36374e-010

-2136.84 30.954 474.197
1.92046e-008 43.6962 2.36374e-010

-2137.5 30.954 473.505
1.92047e-008 43.6947 2.36368e-010

-2138.16 30.954 472.813
1.92047e-008 43.6931 2.36362e-010

-2138.82 30.954 472.118
1.92047e-008 43.69 2.3635e-010

-2139.49 30.954 471.423
1.92047e-008 43.6869 2.36338e-010

-2140.15 30.954 470.728
1.92047e-008 43.6837 2.36325e-010

-2140.81 30.954 470.033
1.92047e-008 43.6806 2.36313e-010

-2141.48 30.954 469.337
1.92047e-008 43.6806 2.36313e-010

-2142.14 30.954 468.641
1.92047e-008 43.6806 2.36313e-010

-2142.81 30.954 467.944
1.92047e-008 43.6806 2.36313e-010

-2143.47 30.954 467.248
1.92047e-008 43.6822 2.36319e-010

-2144.14 30.954 466.552
1.92047e-008 43.6837 2.36325e-010

-2144.8 30.954 465.855
1.92047e-008 43.6853 2.36331e-010

-2145.47 30.954 465.156
1.92047e-008 43.6884 2.36344e-010

-2146.14 30.954 464.457
1.92047e-008 43.6931 2.36362e-010

-2146.81 30.954 463.755
1.92046e-008 43.6978 2.36381e-010

-2147.48 30.954 463.054
1.92046e-008 43.7025 2.36399e-010

-2148.15 30.954 462.352
1.92046e-008 43.7103 2.3643e-010

-2148.82 30.954 461.65
1.92045e-008 43.7181 2.36461e-010

-2149.49 30.954 460.949
1.92045e-008 43.7259 2.36492e-010

-2150.17 30.954 460.247
1.92044e-008 43.7337 2.36522e-010

-2150.84 30.954 459.546
1.92044e-008 43.7416 2.36553e-010

-2151.51 30.954 458.845
1.92043e-008 43.7494 2.36584e-010

-2152.18 30.954 458.144
1.92043e-008 43.7587 2.36621e-010

-2152.85 30.954 457.44
1.92042e-008 43.7681 2.36658e-010

-2153.53 30.954 456.736
1.92042e-008 43.7806 2.36708e-010

-2154.2 30.954 456.033
1.92041e-008 43.7931 2.36757e-010

-2154.88 30.954 455.329
1.9204e-008 43.8056 2.36807e-010

-2155.55 30.954 454.626
1.92039e-008 43.8197 2.36863e-010

-2156.23 30.954 453.923
1.92038e-008 43.8353 2.36925e-010

-2156.9 30.954 453.22
1.92038e-008 43.8509 2.36987e-010

-2157.58 30.954 452.515
1.92037e-008 43.8681 2.37055e-010

-2158.26 30.954 451.81
1.92036e-008 43.8853 2.37123e-010

-2158.94 30.954 451.105
1.92034e-008 43.9041 2.37198e-010

-2159.61 30.954 450.4
1.92033e-008 43.9228 2.37273e-010

-2160.29 30.954 449.695
1.92032e-008 43.9431 2.37354e-010

-2160.97 30.954 448.991
1.92031e-008 43.965 2.37441e-010

-2161.65 30.954 448.287
1.9203e-008 43.9869 2.37529e-010

-2162.33 30.954 447.583
1.92028e-008 44.0134 2.37635e-010

-2163.01 30.954 446.88
1.92027e-008 44.0416 2.37748e-010

-2163.69 30.954 446.177
1.92025e-008 44.0712 2.37867e-010

-2164.37 30.954 445.474
1.92023e-008 44.1025 2.37993e-010

-2165.06 30.954 444.772
1.92021e-008 44.1353 2.38125e-010

-2165.74 30.954 444.07
1.92019e-008 44.1697 2.38264e-010

-2166.42 30.954 443.369
1.92017e-008 44.2087 2.38422e-010

-2167.1 30.954 442.668
1.92014e-008 44.2494 2.38586e-010

-2167.79 30.954 441.967
1.92012e-008 44.2931 2.38764e-010

-2168.47 30.954 441.267
1.92009e-008 44.3384 2.38948e-010

-2169.15 30.954 440.568
1.92006e-008 44.3853 2.3914e-010

-2169.84 30.954 439.869
1.92004e-008 44.4353 2.39344e-010

-2170.53 30.954 439.171
1.92001e-008 44.4869 2.39556e-010

-2171.21 30.954 438.474
1.91997e-008 44.54 2.39774e-010

-2171.9 30.954 437.777
1.91994e-008 44.5931 2.39993e-010

-2172.59 30.954 437.081
1.91991e-008 44.6478 2.40219e-010

-2173.27 30.954 436.385
1.91988e-008 44.7025 2.40446e-010

-2173.96 30.954 435.691
1.91985e-008 44.7572 2.40674e-010

-2174.65 30.954 434.996
1.91981e-008 44.8134 2.40908e-010

-2175.34 30.954 434.303
1.91978e-008 44.8697 2.41143e-010

-2176.04 30.954 433.607
1.91974e-008 44.9291 2.41393e-010

-2176.73 30.954 432.913
1.91971e-008 44.9884 2.41643e-010

-2177.43 30.954 432.218
1.91967e-008 45.0494 2.419e-010

-2178.12 30.954 431.525
1.91963e-008 45.1119 2.42165e-010

-2178.82 30.954 430.833
1.9196e-008 45.1744 2.4243e-010

-2179.52 30.954 430.141
1.91956e-008 45.2384 2.42703e-010

-2180.22 30.954 429.45
1.91952e-008 45.3041 2.42984e-010

-2180.92 30.954 428.76
1.91948e-008 45.3713 2.43273e-010

-2181.62 30.954 428.068
1.91944e-008 45.4384 2.43562e-010

-2182.32 30.954 427.376
1.9194e-008 45.5056 2.43853e-010

-2183.03 30.954 426.686
1.91935e-008 45.5759 2.44158e-010

-2183.73 30.954 425.996
1.91931e-008 45.6462 2.44464e-010

-2184.44 30.954 425.308
1.91927e-008 45.7166 2.44772e-010

-2185.14 30.954 424.62
1.91923e-008 45.7869 2.4508e-010

-2185.85 30.954 423.933
1.91918e-008 45.8572 2.4539e-010

-2186.56 30.954 423.247
1.91914e-008 45.9275 2.45701e-010

-2187.27 30.954 422.562
1.91909e-008 45.9994 2.4602e-010

-2187.98 30.954 421.878
1.91905e-008 46.0713 2.4634e-010

-2188.69 30.954 421.194
1.91901e-008 46.1431 2.46661e-010

-2189.4 30.954 420.512
1.91896e-008 46.215 2.46984e-010

-2190.12 30.954 419.83
1.91892e-008 46.2869 2.47308e-010

-2190.83 30.954 419.149
1.91887e-008 46.3603 2.4764e-010

-2191.55 30.954 418.47
1.91882e-008 46.4338 2.47974e-010

-2192.26 30.954 417.791
1.91878e-008 46.5072 2.48308e-010

-2192.98 30.954 417.113
1.91873e-008 46.5822 2.48652e-010

-2193.69 30.954 416.436
1.91868e-008 46.6572 2.48996e-010

-2194.42 30.954 415.757
1.91864e-008 46.7322 2.49342e-010

-2195.14 30.954 415.079
1.91859e-008 46.8103 2.49704e-010

-2195.86 30.954 414.403
1.91854e-008 46.89 2.50075e-010

-2196.58 30.954 413.727
1.91848e-008 46.9713 2.50455e-010

-2197.31 30.954 413.052
1.91843e-008 47.0541 2.50843e-010

-2198.04 30.954 412.379
1.91838e-008 47.1384 2.51241e-010

-2198.76 30.954 411.706
1.91832e-008 47.2244 2.51648e-010

-2199.49 30.954 411.035
1.91826e-008 47.315 2.52079e-010

-2200.22 30.954 410.365
1.9182e-008 47.4072 2.5252e-010

-2200.95 30.954 409.696
1.91814e-008 47.5025 2.52978e-010

-2201.68 30.954 409.028
1.91808e-008 47.6009 2.53454e-010

-2202.41 30.954 408.362
1.91801e-008 47.7041 2.53955e-010

-2203.15 30.954 407.697
1.91794e-008 47.8103 2.54474e-010

-2203.88 30.954 407.033
1.91786e-008 47.9197 2.55012e-010

-2204.62 30.954 406.371
1.91779e-008 48.0306 2.5556e-010

-2205.36 30.954 405.71
1.91771e-008 48.1463 2.56135e-010

-2206.09 30.954 405.051
1.91764e-008 48.2635 2.56722e-010

-2206.83 30.954 404.393
1.91756e-008 48.3822 2.5732e-010

-2207.58 30.954 403.737
1.91747e-008 48.5041 2.57939e-010

-2208.32 30.954 403.083
1.91739e-008 48.6291 2.58577e-010

-2209.06 30.954 402.43
1.9173e-008 48.7556 2.59228e-010

-2209.81 30.954 401.779
1.91721e-008 48.8853 2.59899e-010

-2210.56 30.954 401.129
1.91712e-008 49.015 2.60576e-010

-2211.31 30.954 400.481
1.91703e-008 49.1463 2.61265e-010

-2212.06 30.954 399.835
1.91694e-008 49.2806 2.61976e-010

-2212.81 30.954 399.191
1.91684e-008 49.4166 2.62701e-010

-2213.56 30.954 398.549
1.91674e-008 49.5556 2.63449e-010

-2214.32 30.954 397.908
1.91664e-008 49.6994 2.64227e-010

-2215.07 30.954 397.27
1.91654e-008 49.8463 2.65029e-010

-2215.83 30.954 396.633
1.91643e-008 49.9963 2.65855e-010

-2216.59 30.954 395.999
1.91632e-008 50.151 2.66714e-010

-2217.36 30.954 395.366
1.9162e-008 50.3088 2.67598e-010

-2218.12 30.954 394.736
1.91608e-008 50.4713 2.68517e-010

-2218.88 30.954 394.108
1.91596e-008 50.64 2.6948e-010

-2219.65 30.954 393.482
1.91583e-008 50.815 2.70488e-010

-2220.42 30.954 392.859
1.91569e-008 50.9932 2.71525e-010

-2221.19 30.954 392.238
1.91556e-008 51.1744 2.72591e-010

-2221.97 30.954 391.62
1.91541e-008 51.3619 2.73706e-010

-2222.74 30.954 391.004
1.91527e-008 51.5525 2.74851e-010

-2223.52 30.954 390.391
1.91511e-008 51.7478 2.76038e-010

-2224.3 30.954 389.781
1.91496e-008 51.9478 2.77267e-010

-2225.08 30.954 389.173
1.9148e-008 52.151 2.7853e-010

-2225.87 30.954 388.569
1.91464e-008 52.3557 2.79819e-010

-2226.65 30.954 387.967
1.91447e-008 52.5619 2.81132e-010

-2227.44 30.954 387.368
1.9143e-008 52.7729 2.82493e-010

-2228.23 30.954 386.771
1.91412e-008 52.9854 2.8388e-010

-2229.02 30.954 386.178
1.91395e-008 53.201 2.85307e-010

-2229.82 30.954 385.588
1.91376e-008 53.4182 2.86762e-010

-2230.62 30.954 385.001
1.91358e-008 53.6369 2.88247e-010

-2231.42 30.954 384.417
1.91339e-008 53.8604 2.89784e-010

-2232.22 30.954 383.836
1.91319e-008 54.0869 2.91364e-010

-2233.02 30.954 383.259
1.913e-008 54.315 2.92977e-010

-2233.83 30.954 382.684
1.91279e-008 54.5447 2.94623e-010

-2234.64 30.954 382.113
1.91259e-008 54.776 2.96305e-010

-2235.45 30.954 381.545
1.91238e-008 55.0104 2.98034e-010

-2236.26 30.954 380.981
1.91216e-008 55.2479 2.99813e-010

-2237.08 30.954 380.42
1.91194e-008 55.4869 3.01629e-010

-2237.9 30.954 379.862
1.91171e-008 55.726 3.03473e-010

-2238.72 30.954 379.308
1.91149e-008 55.9666 3.05358e-010

-2239.54 30.954 378.757
1.91125e-008 56.2088 3.07284e-010

-2240.37 30.954 378.21
1.91102e-008 56.451 3.0924e-010

-2241.19 30.954 377.666
1.91078e-008 56.6932 3.11226e-010

-2242.02 30.954 377.126
1.91054e-008 56.9369 3.13257e-010

-2242.86 30.954 376.589
1.91029e-008 57.1807 3.15321e-010

-2243.69 30.954 376.056
1.91004e-008 57.4244 3.17418e-010

-2244.53 30.954 375.526
1.90979e-008 57.6682 3.19548e-010

-2245.37 30.954 375
1.90953e-008 57.9119 3.21713e-010

-2246.21 30.954 374.478
1.90928e-008 58.1557 3.23914e-010

-2247.05 30.954 373.959
1.90901e-008 58.3994 3.26151e-010

-2247.9 30.954 373.444
1.90875e-008 58.6432 3.28425e-010

-2248.74 30.954 372.932
1.90848e-008 58.8869 3.30737e-010

-2249.59 30.954 372.424
1.9082e-008 59.1307 3.33088e-010

-2250.45 30.954 371.919
1.90792e-008 59.3744 3.35479e-010

-2251.3 30.954 371.419
1.90764e-008 59.6197 3.37926e-010

-2252.16 30.954 370.922
1.90735e-008 59.865 3.40415e-010

-2253.02 30.954 370.428
1.90706e-008 60.1104 3.42948e-010

-2253.88 30.954 369.938
1.90676e-008 60.3557 3.45524e-010

-2254.74 30.954 369.452
1.90646e-008 60.601 3.48147e-010

-2255.6 30.954 368.97
1.90615e-008 60.8463 3.50816e-010

-2256.47 30.954 368.491
1.90584e-008 61.0916 3.53533e-010

-2257.34 30.954 368.016
1.90553e-008 61.3369 3.56298e-010

-2258.21 30.954 367.545
1.90521e-008 61.5822 3.59114e-010

-2259.08 30.954 367.077
1.90488e-008 61.8275 3.61982e-010

-2259.96 30.954 366.614
1.90455e-008 62.0728 3.64902e-010

-2260.84 30.954 366.154
1.90421e-008 62.3182 3.67877e-010

-2261.71 30.954 365.697
1.90387e-008 62.5635 3.70908e-010

-2262.6 30.954 365.245
1.90353e-008 62.8088 3.73995e-010

-2263.48 30.954 364.796
1.90317e-008 63.0557 3.77162e-010

-2264.36 30.954 364.351
1.90281e-008 63.3025 3.8039e-010

-2265.25 30.954 363.91
1.90244e-008 63.5494 3.83681e-010

-2266.14 30.954 363.473
1.90207e-008 63.7963 3.87037e-010

-2267.03 30.954 363.039
1.90168e-008 64.0431 3.90459e-010

-2267.92 30.954 362.61
1.9013e-008 64.29 3.93949e-010

-2268.81 30.954 362.184
1.9009e-008 64.5369 3.97511e-010

-2269.71 30.954 361.762
1.9005e-008 64.7838 4.01144e-010

-2270.61 30.954 361.344
1.90009e-008 65.0306 4.04852e-010

-2271.51 30.954 360.93
1.89967e-008 65.2775 4.08637e-010

-2272.41 30.954 360.52
1.89925e-008 65.5244 4.12501e-010

-2273.31 30.954 360.114
1.89882e-008 65.7713 4.16447e-010

-2274.22 30.954 359.711
1.89837e-008 66.0181 4.20477e-010

-2275.12 30.954 359.313
1.89792e-008 66.265 4.24593e-010

-2276.03 30.954 358.918
1.89746e-008 66.5119 4.28799e-010

-2276.94 30.954 358.527
1.897e-008 66.7588 4.33097e-010

-2277.85 30.954 358.14
1.89652e-008 67.0056 4.37491e-010

-2278.77 30.954 357.757
1.89603e-008 67.2509 4.41954e-010

-2279.68 30.954 357.378
1.89554e-008 67.4963 4.46517e-010

-2280.6 30.954 357.003
1.89504e-008 67.7416 4.51184e-010

-2281.51 30.954 356.632
1.89452e-008 67.9869 4.55958e-010

-2282.43 30.954 356.265
1.894e-008 68.2306 4.60811e-010

-2283.36 30.954 355.901
1.89346e-008 68.4744 4.65777e-010

-2284.28 30.954 355.542
1.89292e-008 68.7181 4.7086e-010

-2285.2 30.954 355.187
1.89236e-008 68.9619 4.76064e-010

-2286.13 30.954 354.835
1.89179e-008 69.2041 4.81358e-010

-2287.06 30.954 354.487
1.89121e-008 69.4463 4.86781e-010

-2287.98 30.954 354.144
1.89062e-008 69.6869 4.92299e-010

-2288.91 30.954 353.804
1.89003e-008 69.9259 4.97916e-010

-2289.85 30.954 353.468
1.88942e-008 70.1634 5.03633e-010

-2290.78 30.954 353.136
1.8888e-008 70.3994 5.09452e-010

-2291.71 30.954 352.808
1.88817e-008 70.6338 5.15377e-010

-2292.64 30.954 352.485
1.88753e-008 70.8666 5.21409e-010

-2293.57 30.954 352.166
1.88689e-008 71.0963 5.27508e-010

-2294.51 30.954 351.85
1.88624e-008 71.3228 5.33675e-010

-2295.44 30.954 351.538
1.88558e-008 71.5447 5.39863e-010

-2296.38 30.954 351.229
1.88493e-008 71.7619 5.4607e-010

-2297.32 30.954 350.924
1.88428e-008 71.9728 5.52243e-010

-2298.25 30.954 350.623
1.88362e-008 72.1806 5.58471e-010

-2299.19 30.954 350.325
1.88297e-008 72.3853 5.64751e-010

-2300.13 30.954 350.031
1.88231e-008 72.5853 5.71033e-010

-2301.07 30.954 349.739
1.88164e-008 72.7822 5.77361e-010

-2302.01 30.954 349.451
1.88097e-008 72.9775 5.83786e-010

-2302.96 30.954 349.166
1.88029e-008 73.1713 5.9031e-010

-2303.9 30.954 348.884
1.87959e-008 73.365 5.96988e-010

-2304.84 30.954 348.606
1.87888e-008 73.5572 6.03769e-010

-2305.79 30.954 348.33
1.87816e-008 73.7494 6.10714e-010

-2306.73 30.954 348.058
1.87743e-008 73.94 6.17769e-010

-2307.68 30.954 347.789
1.87667e-008 74.1306 6.24995e-010

-2308.63 30.954 347.523
1.87591e-008 74.3213 6.324e-010

-2309.58 30.954 347.26
1.87513e-008 74.5088 6.39863e-010

-2310.53 30.954 347
1.87434e-008 74.6963 6.47512e-010

-2311.48 30.954 346.743
1.87352e-008 74.8838 6.55353e-010

-2312.43 30.954 346.49
1.87269e-008 75.0713 6.63393e-010

-2313.38 30.954 346.239
1.87185e-008 75.2572 6.71571e-010

-2314.33 30.954 345.992
1.87098e-008 75.4431 6.7996e-010

-2315.29 30.954 345.747
1.8701e-008 75.6275 6.88496e-010

-2316.24 30.954 345.506
1.86921e-008 75.8088 6.97105e-010

-2317.2 30.954 345.268
1.86831e-008 75.9869 7.05785e-010

-2318.15 30.954 345.032
1.86743e-008 76.1588 7.14375e-010

-2319.11 30.954 344.8
1.86655e-008 76.326 7.2294e-010

-2320.06 30.954 344.57
1.86568e-008 76.4869 7.31387e-010

-2321.01 30.954 344.344
1.86485e-008 76.6369 7.39445e-010

-2321.97 30.954 344.12
1.86403e-008 76.7822 7.47427e-010

-2322.92 30.954 343.898
1.86325e-008 76.9182 7.55056e-010

-2323.87 30.954 343.679
1.86247e-008 77.0494 7.62576e-010

-2324.83 30.954 343.462
1.86172e-008 77.176 7.69974e-010

-2325.78 30.954 343.248
1.86097e-008 77.2979 7.77238e-010

-2326.73 30.954 343.036
1.86024e-008 77.4151 7.84358e-010

-2327.68 30.954 342.825
1.85952e-008 77.5291 7.91416e-010

-2328.63 30.954 342.617
1.85879e-008 77.6416 7.98507e-010

-2329.58 30.954 342.41
1.85806e-008 77.7526 8.05628e-010

-2330.54 30.954 342.205
1.85733e-008 77.8619 8.12777e-010

-2331.49 30.954 342.002
1.85659e-008 77.9713 8.20057e-010

-2332.44 30.954 341.801
1.85583e-008 78.0807 8.27472e-010

-2333.4 30.954 341.601
1.85507e-008 78.1885 8.34916e-010

-2334.35 30.954 341.403
1.85429e-008 78.2963 8.42498e-010

-2335.31 30.954 341.207
1.85353e-008 78.401 8.49997e-010

-2336.26 30.954 341.013
1.85276e-008 78.5041 8.57518e-010

-2337.22 30.954 340.821
1.85199e-008 78.6057 8.65059e-010

-2338.17 30.954 340.63
1.85122e-008 78.7057 8.72617e-010

-2339.13 30.954 340.441
1.85046e-008 78.8025 8.80069e-010

-2340.09 30.954 340.253
1.84971e-008 78.8963 8.87405e-010

-2341.04 30.954 340.067
1.849e-008 78.9838 8.94365e-010

-2342 30.954 339.882
1.84832e-008 79.0666 9.01056e-010

-2342.95 30.954 339.699
1.84767e-008 79.1447 9.07463e-010

-2343.91 30.954 339.517
1.84702e-008 79.2213 9.13831e-010

-2344.86 30.954 339.337
1.84639e-008 79.2947 9.20026e-010

-2345.81 30.954 339.158
1.84577e-008 79.3666 9.26173e-010

-2346.77 30.954 338.98
1.84515e-008 79.4369 9.32267e-010

-2347.72 30.954 338.803
1.84452e-008 79.5072 9.38444e-010

-2348.68 30.954 338.628
1.84389e-008 79.5759 9.44564e-010

-2349.63 30.954 338.454
1.84326e-008 79.6447 9.50766e-010

-2350.58 30.954 338.281
1.84264e-008 79.7119 9.56908e-010

-2351.53 30.954 338.109
1.84201e-008 79.7791 9.6313e-010

-2352.49 30.954 337.938
1.84138e-008 79.8447 9.69288e-010

-2353.44 30.954 337.768
1.84075e-008 79.9103 9.75527e-010

-2354.4 30.954 337.6
1.84014e-008 79.9728 9.81544e-010

-2355.35 30.954 337.432
1.83953e-008 80.0338 9.87484e-010

-2356.3 30.954 337.265
1.83894e-008 80.0931 9.93343e-010

-2357.26 30.954 337.1
1.83834e-008 80.1525 9.99273e-010

-2358.21 30.954 336.936
1.83774e-008 80.2103 1.00512e-009

-2359.16 30.954 336.772
1.83716e-008 80.2666 1.01087e-009

-2360.11 30.954 336.61
1.83659e-008 80.3212 1.01652e-009

-2361.06 30.954 336.449
1.83604e-008 80.3728 1.02192e-009

-2362.01 30.954 336.289
1.83554e-008 80.4197 1.02687e-009

-2362.96 30.954 336.13
1.8351e-008 80.4603 1.0312e-009

-2363.9 30.954 335.971
1.83469e-008 80.4978 1.03523e-009

-2364.85 30.954 335.814
1.83436e-008 80.5275 1.03845e-009

-2365.79 30.954 335.657
1.8341e-008 80.5509 1.041e-009

-2366.73 30.954 335.501
1.8339e-008 80.5697 1.04305e-009

-2367.67 30.954 335.345
1.83374e-008 80.5837 1.0446e-009

-2368.61 30.954 335.19
1.83362e-008 80.5947 1.0458e-009

-2369.55 30.954 335.034
1.83353e-008 80.6025 1.04666e-009

-2370.49 30.954 334.879
1.83348e-008 80.6072 1.04718e-009

-2371.42 30.954 334.724
1.83344e-008 80.6103 1.04752e-009

-2372.36 30.954 334.569
1.83344e-008 80.6103 1.04752e-009

-2373.3 30.954 334.414
1.83344e-008 80.6103 1.04752e-009

-2374.23 30.954 334.26
1.83346e-008 80.6087 1.04735e-009

-2375.17 30.954 334.105
1.8335e-008 80.6056 1.04701e-009

-2376.1 30.954 333.951
1.83353e-008 80.6025 1.04666e-009

-2377.03 30.954 333.796
1.83358e-008 80.5978 1.04614e-009

-2377.96 30.954 333.642
1.83367e-008 80.59 1.04528e-009

-2378.9 30.954 333.487
1.83377e-008 80.5806 1.04425e-009

-2379.83 30.954 333.333
1.83388e-008 80.5713 1.04322e-009

-2380.75 30.954 333.178
1.83402e-008 80.5587 1.04186e-009

-2381.68 30.954 333.024
1.83416e-008 80.5463 1.04049e-009

-2382.61 30.954 332.87
1.83433e-008 80.5306 1.03879e-009

-2383.53 30.954 332.715
1.83452e-008 80.5135 1.03692e-009

-2384.45 30.954 332.561
1.83476e-008 80.4916 1.03456e-009

-2385.37 30.954 332.406
1.83501e-008 80.4681 1.03204e-009

-2386.29 30.954 332.252
1.8353e-008 80.4416 1.0292e-009

-2387.21 30.954 332.097
1.83562e-008 80.4119 1.02604e-009

-2388.12 30.954 331.941
1.83596e-008 80.3807 1.02274e-009

-2389.04 30.954 331.786
1.83631e-008 80.3479 1.0193e-009

-2389.95 30.954 331.63
1.83665e-008 80.315 1.01587e-009

-2390.87 30.954 331.473
1.837e-008 80.2822 1.01248e-009

-2391.78 30.954 331.316
1.83734e-008 80.2494 1.0091e-009

-2392.7 30.954 331.158
1.83768e-008 80.2166 1.00575e-009

-2393.61 30.954 331
1.83802e-008 80.1838 1.00242e-009

-2394.52 30.954 330.842
1.83835e-008 80.1509 9.99115e-010

-2395.44 30.954 330.682
1.83869e-008 80.1181 9.95831e-010

-2396.35 30.954 330.523
1.83903e-008 80.0838 9.92413e-010

-2397.27 30.954 330.362
1.83938e-008 80.0494 9.89019e-010

-2398.18 30.954 330.201
1.83972e-008 80.015 9.85649e-010

-2399.09 30.954 330.04
1.84006e-008 79.9807 9.82301e-010

-2400.01 30.954 329.878
1.8404e-008 79.9463 9.78977e-010

-2400.92 30.954 329.716
1.84075e-008 79.9104 9.75526e-010

-2401.83 30.954 329.553
1.8411e-008 79.8744 9.721e-010

-2402.74 30.954 329.39
1.84146e-008 79.8369 9.6855e-010

-2403.65 30.954 329.226
1.84181e-008 79.7994 9.65027e-010

-2403.65 30.954 329.226
1.84181e-008 79.7994 9.65027e-010

-2403.65 30.954 329.226
1.84181e-008 79.7994 9.65027e-010

-2403.65 30.954 329.226
1.84181e-008 79.7994 9.65027e-010

-2403.65 30.954 329.226
1.84181e-008 79.7994 9.65027e-010

-2403.65 30.954 329.226
1.84181e-008 79.7994 9.65027e-010

-2403.65 30.954 329.226
1.84181e-008 79.7994 9.65027e-010

-2403.65 30.954 329.226
1.84181e-008 79.7994 9.65027e-010

-2403.65 30.954 329.226
1.84181e-008 79.7994 9.65027e-010

-2403.65 30.954 329.226
1.84181e-008 79.7994 9.65027e-010

-2403.65 30.954 329.226
1.84181e-008 79.7994 9.65027e-010

-2403.65 30.954 329.226
1.84181e-008 79.7994 9.65027e-010

-2403.65 30.954 329.226
1.84181e-008 79.7994 9.65027e-010

-2403.65 30.954 329.226
1.84181e-008 79.7994 9.65027e-010

-2403.65 30.954 329.226
1.84181e-008 79.7994 9.65027e-010

-2403.65 30.954 329.226
1.84181e-008 79.7994 9.65027e-010

-2403.65 30.954 329.226
1.84181e-008 79.7994 9.65027e-010

-2403.65 30.954 329.226
1.84181e-008 79.7994 9.65027e-010

-2403.65 30.954 329.226
1.84181e-008 79.7994 9.65027e-010

-2403.65 30.954 329.226
1.84181e-008 79.7994 9.65027e-010

-2403.65 30.954 329.226
1.84181e-008 79.7994 9.65027e-010

-2403.65 30.954 329.226
1.84181e-008 79.7994 9.65027e-010

-2403.65 30.954 329.226
1.84181e-008 79.7994 9.65027e-010

-2403.65 30.954 329.226
1.84181e-008 79.7994 9.65027e-010

-2403.65 30.954 329.226
1.84181e-008 79.7994 9.65027e-010

-2403.65 30.954 329.226
1.84181e-008 79.7994 9.65027e-010

-2403.65 30.954 329.226
1.84181e-008 79.7994 9.65027e-010

-2403.65 30.954 329.226
1.84181e-008 79.7994 9.65027e-010

-2403.65 30.954 329.226
1.84181e-008 79.7994 9.65027e-010

-2403.65 30.954 329.226
1.84181e-008 79.7994 9.65027e-010

-2403.65 30.954 329.226
1.84181e-008 79.7994 9.65027e-010

-2403.65 30.954 329.226
1.84181e-008 79.7994 9.65027e-010

-2403.65 30.954 329.226
1.84181e-008 79.7994 9.65027e-010

-2403.65 30.954 329.226
1.84181e-008 79.7994 9.65027e-010

-2403.65 30.954 329.226
1.84181e-008 79.7994 9.65027e-010

-2403.65 30.954 329.226
1.84181e-008 79.7994 9.65027e-010

-2403.65 30.954 329.226
1.84181e-008 79.7994 9.65027e-010

-2403.65 30.954 329.226
1.84181e-008 79.7994 9.65027e-010

-2403.65 30.954 329.226
1.84181e-008 79.7994 9.65027e-010

-2403.65 30.954 329.226
1.84181e-008 79.7994 9.65027e-010

-2403.65 30.954 329.226
1.84181e-008 79.7994 9.65027e-010

-2403.65 30.954 329.226
1.84181e-008 79.7994 9.65027e-010

-2403.65 30.954 329.226
1.84181e-008 79.7994 9.65027e-010

-2403.65 30.954 329.226
1.84181e-008 79.7994 9.65027e-010

-2403.65 30.954 329.226
1.84181e-008 79.7994 9.65027e-010

-2403.65 30.954 329.226
1.84181e-008 79.7994 9.65027e-010

-2403.65 30.954 329.226
1.84181e-008 79.7994 9.65027e-010

-2403.65 30.954 329.226
1.84181e-008 79.7994 9.65027e-010

-2403.65 30.954 329.226
1.84181e-008 79.7994 9.65027e-010

-2403.65 30.954 329.226
1.84181e-008 79.7994 9.65027e-010

-2403.65 30.954 329.226
1.84181e-008 79.7994 9.65027e-010

-2403.65 30.954 329.226
1.84181e-008 79.7994 9.65027e-010

