1476 499.402 30.954 -567.199
9.84033e-010 277.175 9.91401e-010

499.402 30.954 -567.199
9.84033e-010 277.175 9.91401e-010

499.402 30.954 -567.199
9.84033e-010 277.175 9.91401e-010

499.402 30.954 -567.199
9.84033e-010 277.175 9.91401e-010

499.402 30.954 -567.199
9.84033e-010 277.175 9.91401e-010

499.402 30.954 -567.199
9.84033e-010 277.175 9.91401e-010

499.402 30.954 -567.199
9.84033e-010 277.175 9.91401e-010

499.402 30.954 -567.199
9.84033e-010 277.175 9.91401e-010

499.402 30.954 -567.199
9.84033e-010 277.175 9.91401e-010

499.402 30.954 -567.199
9.84033e-010 277.175 9.91401e-010

499.402 30.954 -567.199
9.84033e-010 277.175 9.91401e-010

499.402 30.954 -567.199
9.84033e-010 277.175 9.91401e-010

499.402 30.954 -567.199
9.84033e-010 277.175 9.91401e-010

499.402 30.954 -567.199
9.84033e-010 277.175 9.91401e-010

499.402 30.954 -567.199
9.84033e-010 277.175 9.91401e-010

499.402 30.954 -567.199
9.84033e-010 277.175 9.91401e-010

499.402 30.954 -567.199
9.84033e-010 277.175 9.91401e-010

499.402 30.954 -567.199
9.84033e-010 277.175 9.91401e-010

499.402 30.954 -567.199
9.84033e-010 277.175 9.91401e-010

499.402 30.954 -567.199
9.84033e-010 277.175 9.91401e-010

499.402 30.954 -567.199
9.84033e-010 277.175 9.91401e-010

499.402 30.954 -567.199
9.84033e-010 277.175 9.91401e-010

499.402 30.954 -567.199
9.84033e-010 277.175 9.91401e-010

499.402 30.954 -567.199
9.84033e-010 277.175 9.91401e-010

499.402 30.954 -567.199
9.84033e-010 277.175 9.91401e-010

499.402 30.954 -567.199
9.84033e-010 277.175 9.91401e-010

499.559 30.954 -567.221
8.70787e-010 278.097 8.79155e-010

499.715 30.954 -567.246
7.80555e-010 279.019 7.89925e-010

499.871 30.954 -567.273
7.06934e-010 279.941 7.17308e-010

500.026 30.954 -567.303
6.45695e-010 280.863 6.57074e-010

500.181 30.954 -567.336
5.93932e-010 281.785 6.06316e-010

500.335 30.954 -567.37
5.49582e-010 282.706 5.62974e-010

500.489 30.954 -567.408
5.1114e-010 283.628 5.25542e-010

500.642 30.954 -567.447
4.77484e-010 284.55 4.92896e-010

500.798 30.954 -567.491
4.47662e-010 285.475 4.64091e-010

500.954 30.954 -567.536
4.21127e-010 286.4 4.38575e-010

501.109 30.954 -567.585
3.97313e-010 287.327 4.15785e-010

501.263 30.954 -567.635
3.75813e-010 288.255 3.95312e-010

501.416 30.954 -567.689
3.56325e-010 289.183 3.76855e-010

501.568 30.954 -567.745
3.38543e-010 290.113 3.60107e-010

501.719 30.954 -567.803
3.2227e-010 291.042 3.44872e-010

501.87 30.954 -567.863
3.07291e-010 291.974 3.30935e-010

502.019 30.954 -567.927
2.93471e-010 292.905 3.18162e-010

502.167 30.954 -567.992
2.80676e-010 293.836 3.06415e-010

502.314 30.954 -568.06
2.68788e-010 294.767 2.95581e-010

502.461 30.954 -568.13
2.5771e-010 295.699 2.85559e-010

502.605 30.954 -568.203
2.47355e-010 296.63 2.76266e-010

502.749 30.954 -568.278
2.37651e-010 297.561 2.67626e-010

502.892 30.954 -568.355
2.28533e-010 298.492 2.59577e-010

503.033 30.954 -568.435
2.19932e-010 299.425 2.52051e-010

503.173 30.954 -568.517
2.11813e-010 300.358 2.45012e-010

503.311 30.954 -568.601
2.04133e-010 301.291 2.38416e-010

503.448 30.954 -568.687
1.96854e-010 302.224 2.32227e-010

503.584 30.954 -568.776
1.89941e-010 303.156 2.26409e-010

503.718 30.954 -568.867
1.83365e-010 304.089 2.20933e-010

503.851 30.954 -568.96
1.77097e-010 305.022 2.15771e-010

503.986 30.954 -569.057
1.71115e-010 305.955 2.10899e-010

504.121 30.954 -569.159
1.65395e-010 306.888 2.06296e-010

504.257 30.954 -569.265
1.59917e-010 307.82 2.01943e-010

504.394 30.954 -569.375
1.54674e-010 308.752 1.97827e-010

504.531 30.954 -569.488
1.49647e-010 309.681 1.93932e-010

504.669 30.954 -569.607
1.44821e-010 310.609 1.90243e-010

504.808 30.954 -569.73
1.40181e-010 311.536 1.86745e-010

504.948 30.954 -569.857
1.35723e-010 312.459 1.83432e-010

505.088 30.954 -569.99
1.31426e-010 313.381 1.80285e-010

505.231 30.954 -570.129
1.2728e-010 314.302 1.77294e-010

505.374 30.954 -570.274
1.23282e-010 315.219 1.74455e-010

505.519 30.954 -570.424
1.19415e-010 316.134 1.71754e-010

505.665 30.954 -570.582
1.15678e-010 317.047 1.69185e-010

505.811 30.954 -570.744
1.12063e-010 317.956 1.66743e-010

505.959 30.954 -570.913
1.08555e-010 318.864 1.64414e-010

506.107 30.954 -571.088
1.05149e-010 319.77 1.62194e-010

506.254 30.954 -571.267
1.01838e-010 320.675 1.60076e-010

506.403 30.954 -571.456
9.86178e-011 321.578 1.58054e-010

506.552 30.954 -571.649
9.54876e-011 322.478 1.56128e-010

506.7 30.954 -571.848
9.24373e-011 323.377 1.54289e-010

506.849 30.954 -572.056
8.94624e-011 324.273 1.52533e-010

506.998 30.954 -572.269
8.65588e-011 325.169 1.50856e-010

507.145 30.954 -572.488
8.37274e-011 326.061 1.49257e-010

507.291 30.954 -572.712
8.09596e-011 326.952 1.4773e-010

507.436 30.954 -572.942
7.82567e-011 327.839 1.46273e-010

507.578 30.954 -573.177
7.56151e-011 328.724 1.44885e-010

507.722 30.954 -573.422
7.30498e-011 329.599 1.43569e-010

507.864 30.954 -573.673
7.0548e-011 330.467 1.4232e-010

508.006 30.954 -573.932
6.81063e-011 331.33 1.41132e-010

508.146 30.954 -574.198
6.57261e-011 332.184 1.40006e-010

508.286 30.954 -574.473
6.34e-011 333.033 1.38936e-010

508.424 30.954 -574.754
6.11255e-011 333.875 1.37919e-010

508.561 30.954 -575.043
5.89001e-011 334.711 1.36954e-010

508.696 30.954 -575.342
5.67255e-011 335.539 1.36039e-010

508.83 30.954 -575.648
5.45954e-011 336.361 1.35171e-010

508.962 30.954 -575.961
5.25039e-011 337.178 1.34346e-010

509.092 30.954 -576.282
5.04608e-011 337.986 1.33567e-010

509.22 30.954 -576.611
4.84565e-011 338.788 1.32829e-010

509.346 30.954 -576.952
4.64969e-011 339.58 1.32132e-010

509.47 30.954 -577.298
4.45726e-011 340.366 1.31473e-010

509.59 30.954 -577.651
4.26821e-011 341.145 1.3085e-010

509.707 30.954 -578.009
4.08278e-011 341.917 1.30263e-010

509.822 30.954 -578.376
3.90008e-011 342.684 1.29707e-010

509.933 30.954 -578.751
3.72038e-011 343.445 1.29184e-010

510.04 30.954 -579.13
3.54318e-011 344.202 1.2869e-010

510.144 30.954 -579.515
3.36802e-011 344.955 1.28224e-010

510.243 30.954 -579.903
3.19446e-011 345.706 1.27785e-010

510.337 30.954 -580.296
3.02241e-011 346.456 1.27371e-010

510.427 30.954 -580.69
2.85144e-011 347.206 1.26981e-010

510.512 30.954 -581.09
2.68149e-011 347.956 1.26616e-010

510.592 30.954 -581.49
2.51248e-011 348.706 1.26274e-010

510.667 30.954 -581.891
2.34435e-011 349.456 1.25955e-010

510.736 30.954 -582.294
2.17705e-011 350.206 1.2566e-010

510.8 30.954 -582.697
2.01049e-011 350.956 1.25387e-010

510.859 30.954 -583.099
1.84394e-011 351.709 1.25136e-010

510.912 30.954 -583.501
1.67699e-011 352.467 1.24907e-010

510.96 30.954 -583.905
1.51029e-011 353.227 1.24699e-010

511.003 30.954 -584.307
1.34343e-011 353.989 1.24513e-010

511.039 30.954 -584.71
1.17635e-011 354.755 1.24349e-010

511.071 30.954 -585.111
1.00934e-011 355.522 1.24208e-010

511.097 30.954 -585.512
8.41664e-012 356.294 1.24088e-010

511.117 30.954 -585.912
6.73265e-012 357.07 1.23991e-010

511.132 30.954 -586.312
5.04761e-012 357.848 1.23916e-010

511.142 30.954 -586.712
3.35754e-012 358.63 1.23864e-010

511.146 30.954 -587.113
1.66519e-012 359.413 1.23835e-010

511.145 30.954 -587.511
360 0.198474 1.2383e-010

511.138 30.954 -587.91
1.93651e-008 0.985974 1.23847e-010

511.126 30.954 -588.308
1.93634e-008 1.7766 1.23888e-010

511.108 30.954 -588.706
1.93617e-008 2.57035 1.23953e-010

511.084 30.954 -589.102
1.936e-008 3.36722 1.24043e-010

511.056 30.954 -589.497
1.93582e-008 4.16722 1.24157e-010

511.021 30.954 -589.892
1.93565e-008 4.97035 1.24296e-010

510.981 30.954 -590.285
1.93547e-008 5.7766 1.24461e-010

510.936 30.954 -590.675
1.93529e-008 6.5891 1.24652e-010

510.886 30.954 -591.062
1.93512e-008 7.40473 1.2487e-010

510.83 30.954 -591.449
1.93493e-008 8.22347 1.25115e-010

510.769 30.954 -591.832
1.93475e-008 9.04691 1.25389e-010

510.703 30.954 -592.213
1.93457e-008 9.87191 1.2569e-010

510.631 30.954 -592.593
1.93438e-008 10.7 1.2602e-010

510.554 30.954 -592.972
1.9342e-008 11.5297 1.26379e-010

510.471 30.954 -593.35
1.93401e-008 12.3594 1.26767e-010

510.383 30.954 -593.727
1.93382e-008 13.1891 1.27184e-010

510.289 30.954 -594.102
1.93363e-008 14.0203 1.27631e-010

510.19 30.954 -594.476
1.93344e-008 14.8516 1.28109e-010

510.085 30.954 -594.848
1.93325e-008 15.6828 1.28617e-010

509.975 30.954 -595.219
1.93305e-008 16.5141 1.29157e-010

509.86 30.954 -595.588
1.93286e-008 17.3453 1.29728e-010

509.739 30.954 -595.955
1.93266e-008 18.1766 1.30332e-010

509.614 30.954 -596.321
1.93246e-008 19.0078 1.3097e-010

509.482 30.954 -596.685
1.93226e-008 19.8391 1.31642e-010

509.346 30.954 -597.047
1.93205e-008 20.6703 1.32349e-010

509.204 30.954 -597.406
1.93185e-008 21.5016 1.33091e-010

509.057 30.954 -597.764
1.93164e-008 22.3328 1.3387e-010

508.905 30.954 -598.12
1.93143e-008 23.1641 1.34687e-010

508.748 30.954 -598.473
1.93121e-008 23.9953 1.35543e-010

508.585 30.954 -598.824
1.931e-008 24.8266 1.36438e-010

508.418 30.954 -599.172
1.93078e-008 25.6578 1.37375e-010

508.245 30.954 -599.518
1.93055e-008 26.4891 1.38353e-010

508.068 30.954 -599.862
1.93033e-008 27.3203 1.39376e-010

507.885 30.954 -600.203
1.9301e-008 28.1516 1.40443e-010

507.698 30.954 -600.541
1.92987e-008 28.9828 1.41557e-010

507.506 30.954 -600.877
1.92963e-008 29.8141 1.42719e-010

507.309 30.954 -601.21
1.92939e-008 30.6453 1.4393e-010

507.107 30.954 -601.539
1.92914e-008 31.4766 1.45194e-010

506.9 30.954 -601.866
1.92889e-008 32.3078 1.4651e-010

506.689 30.954 -602.19
1.92864e-008 33.1391 1.47883e-010

506.473 30.954 -602.511
1.92838e-008 33.9703 1.49312e-010

506.252 30.954 -602.828
1.92812e-008 34.8016 1.50802e-010

506.027 30.954 -603.143
1.92785e-008 35.6328 1.52355e-010

505.797 30.954 -603.454
1.92757e-008 36.4641 1.53972e-010

505.562 30.954 -603.761
1.92729e-008 37.2953 1.55657e-010

505.324 30.954 -604.065
1.92701e-008 38.1266 1.57413e-010

505.08 30.954 -604.366
1.92671e-008 38.9578 1.59243e-010

504.83 30.954 -604.666
1.92641e-008 39.7891 1.6115e-010

504.576 30.954 -604.963
1.9261e-008 40.6188 1.63135e-010

504.315 30.954 -605.259
1.92579e-008 41.4469 1.652e-010

504.05 30.954 -605.551
1.92547e-008 42.2735 1.67349e-010

503.777 30.954 -605.841
1.92514e-008 43.0985 1.69587e-010

503.498 30.954 -606.131
1.9248e-008 43.9219 1.71916e-010

503.215 30.954 -606.417
1.92445e-008 44.7438 1.74343e-010

502.925 30.954 -606.701
1.92409e-008 45.5641 1.7687e-010

502.628 30.954 -606.984
1.92373e-008 46.3829 1.79505e-010

502.321 30.954 -607.268
1.92335e-008 47.1985 1.82246e-010

502.009 30.954 -607.549
1.92297e-008 48.011 1.85099e-010

501.69 30.954 -607.828
1.92257e-008 48.8204 1.88069e-010

501.364 30.954 -608.106
1.92216e-008 49.6266 1.91163e-010

501.032 30.954 -608.38
1.92174e-008 50.4282 1.9438e-010

500.692 30.954 -608.653
1.92131e-008 51.2282 1.9774e-010

500.346 30.954 -608.924
1.92086e-008 52.0266 2.01251e-010

499.996 30.954 -609.189
1.9204e-008 52.8235 2.04922e-010

499.639 30.954 -609.452
1.91992e-008 53.6188 2.08763e-010

499.278 30.954 -609.71
1.91942e-008 54.4141 2.12793e-010

498.914 30.954 -609.963
1.9189e-008 55.2094 2.17023e-010

498.546 30.954 -610.211
1.91836e-008 56.0032 2.2146e-010

498.172 30.954 -610.456
1.9178e-008 56.7969 2.26127e-010

497.795 30.954 -610.696
1.91722e-008 57.5907 2.31039e-010

497.414 30.954 -610.93
1.91661e-008 58.3844 2.36216e-010

497.03 30.954 -611.159
1.91597e-008 59.1766 2.41667e-010

496.642 30.954 -611.383
1.9153e-008 59.9688 2.47424e-010

496.252 30.954 -611.602
1.9146e-008 60.761 2.53512e-010

495.859 30.954 -611.815
1.91387e-008 61.5532 2.59957e-010

495.463 30.954 -612.022
1.91309e-008 62.3453 2.66791e-010

495.064 30.954 -612.224
1.91228e-008 63.1375 2.74048e-010

494.662 30.954 -612.421
1.91141e-008 63.9297 2.81767e-010

494.257 30.954 -612.612
1.9105e-008 64.7219 2.89989e-010

493.85 30.954 -612.797
1.90953e-008 65.5141 2.98765e-010

493.441 30.954 -612.977
1.90851e-008 66.3063 3.08149e-010

493.029 30.954 -613.151
1.90741e-008 67.0985 3.18205e-010

492.614 30.954 -613.319
1.90624e-008 67.8906 3.29004e-010

492.198 30.954 -613.482
1.90499e-008 68.6813 3.40605e-010

491.775 30.954 -613.64
1.90365e-008 69.4719 3.53124e-010

491.351 30.954 -613.793
1.90221e-008 70.2625 3.66671e-010

490.924 30.954 -613.939
1.90066e-008 71.0516 3.81344e-010

490.495 30.954 -614.08
1.89897e-008 71.8406 3.97319e-010

490.065 30.954 -614.214
1.89714e-008 72.6281 4.14737e-010

489.632 30.954 -614.343
1.89514e-008 73.4156 4.33838e-010

489.198 30.954 -614.466
1.89295e-008 74.2031 4.54873e-010

488.758 30.954 -614.584
1.89055e-008 74.9891 4.78098e-010

488.317 30.954 -614.696
1.88788e-008 75.775 5.03923e-010

487.871 30.954 -614.802
1.88491e-008 76.5594 5.32742e-010

487.423 30.954 -614.903
1.88158e-008 77.3438 5.65169e-010

486.974 30.954 -614.997
1.87783e-008 78.1266 6.01842e-010

486.523 30.954 -615.086
1.87355e-008 78.9094 6.43732e-010

486.072 30.954 -615.168
1.86865e-008 79.6907 6.91926e-010

485.619 30.954 -615.244
1.86295e-008 80.4719 7.4807e-010

485.166 30.954 -615.314
1.85626e-008 81.2516 8.1415e-010

484.711 30.954 -615.377
1.84826e-008 82.0313 8.93217e-010

484.256 30.954 -615.435
1.83857e-008 82.8094 9.89282e-010

483.8 30.954 -615.486
1.82654e-008 83.5875 1.10873e-009

483.343 30.954 -615.531
1.81124e-008 84.3641 1.2609e-009

482.885 30.954 -615.57
1.79112e-008 85.139 1.46133e-009

482.428 30.954 -615.603
1.76344e-008 85.9125 1.73723e-009

481.969 30.954 -615.629
1.72288e-008 86.6859 2.14204e-009

481.507 30.954 -615.65
1.65799e-008 87.4562 2.79005e-009

481.044 30.954 -615.664
1.53679e-008 88.2266 4.00126e-009

480.581 30.954 -615.672
1.23062e-008 88.9954 7.06211e-009

480.119 30.954 -615.674
0 89.7626 1.93676e-008

479.656 30.954 -615.67
180 89.4703 180

479.189 30.954 -615.659
180 88.7031 180

478.723 30.954 -615.643
180 87.9374 180

478.252 30.954 -615.619
180 87.1717 180

477.783 30.954 -615.59
180 86.4077 180

477.313 30.954 -615.554
180 85.6452 180

476.844 30.954 -615.512
180 84.8827 180

476.376 30.954 -615.464
180 84.1201 180

475.909 30.954 -615.409
180 83.3592 180

475.438 30.954 -615.348
180 82.5982 180

474.968 30.954 -615.281
180 81.8373 180

474.499 30.954 -615.207
180 81.0764 180

474.032 30.954 -615.127
180 80.317 180

473.565 30.954 -615.041
180 79.5576 180

473.099 30.954 -614.949
180 78.7982 180

472.635 30.954 -614.851
180 78.0404 180

472.172 30.954 -614.746
180 77.2826 180

471.71 30.954 -614.636
180 76.5248 180

471.25 30.954 -614.519
180 75.7686 180

470.792 30.954 -614.396
180 75.0123 180

470.331 30.954 -614.267
180 74.2576 180

469.873 30.954 -614.131
180 73.503 180

469.416 30.954 -613.989
180 72.7483 180

468.96 30.954 -613.841
180 71.9952 180

468.507 30.954 -613.687
180 71.242 180

468.056 30.954 -613.527
180 70.4889 180

467.607 30.954 -613.362
180 69.7358 180

467.161 30.954 -613.19
180 68.9827 180

466.716 30.954 -613.012
180 68.2295 180

466.271 30.954 -612.828
180 67.4764 180

465.828 30.954 -612.637
180 66.7248 180

465.387 30.954 -612.441
180 65.9749 180

464.945 30.954 -612.237
180 65.2249 180

464.506 30.954 -612.027
180 64.4764 180

464.07 30.954 -611.812
180 63.728 180

463.637 30.954 -611.591
180 62.9811 180

463.203 30.954 -611.363
180 62.2358 180

462.773 30.954 -611.129
180 61.4921 180

462.341 30.954 -610.887
180 60.7499 180

461.913 30.954 -610.64
180 60.0108 180

461.485 30.954 -610.386
180 59.2764 180

461.057 30.954 -610.124
180 58.5467 180

460.627 30.954 -609.853
180 57.8264 180

460.198 30.954 -609.576
180 57.1108 180

459.77 30.954 -609.291
180 56.4014 180

459.341 30.954 -608.998
180 55.6983 180

458.912 30.954 -608.698
180 54.9999 180

458.483 30.954 -608.391
180 54.3077 180

458.059 30.954 -608.078
180 53.6249 180

457.635 30.954 -607.758
180 52.9483 180

457.212 30.954 -607.43
180 52.2796 180

456.789 30.954 -607.096
180 51.6171 180

456.369 30.954 -606.755
180 50.9577 180

455.953 30.954 -606.409
180 50.3046 180

455.537 30.954 -606.057
180 49.6577 180

455.126 30.954 -605.699
180 49.017 180

454.716 30.954 -605.335
180 48.3827 180

454.309 30.954 -604.966
180 47.7561 180

453.904 30.954 -604.59
180 47.1327 180

453.503 30.954 -604.209
180 46.5139 180

453.103 30.954 -603.822
180 45.8999 180

452.708 30.954 -603.43
180 45.2905 180

452.314 30.954 -603.032
180 44.6874 180

451.924 30.954 -602.629
180 44.0889 180

451.535 30.954 -602.22
180 43.4967 180

451.151 30.954 -601.806
180 42.9124 180

450.768 30.954 -601.386
180 42.3374 180

450.389 30.954 -600.962
180 41.7686 180

450.015 30.954 -600.535
180 41.203 180

449.645 30.954 -600.103
180 40.6436 180

449.279 30.954 -599.669
180 40.0874 180

448.917 30.954 -599.23
180 39.5342 180

448.559 30.954 -598.789
180 38.9874 180

448.206 30.954 -598.343
180 38.4452 180

447.858 30.954 -597.896
180 37.9077 180

447.514 30.954 -597.446
180 37.3749 180

447.174 30.954 -596.993
180 36.8483 180

446.839 30.954 -596.537
180 36.3264 180

446.508 30.954 -596.077
180 35.8124 180

446.18 30.954 -595.615
180 35.3046 180

445.857 30.954 -595.15
180 34.7999 180

445.538 30.954 -594.682
180 34.2983 180

445.223 30.954 -594.212
180 33.803 180

444.912 30.954 -593.738
180 33.3108 180

444.605 30.954 -593.262
180 32.8233 180

444.302 30.954 -592.784
180 32.3421 180

444.003 30.954 -592.303
180 31.8639 180

443.708 30.954 -591.819
180 31.3921 180

443.416 30.954 -591.333
180 30.9264 180

443.129 30.954 -590.845
180 30.4655 180

442.846 30.954 -590.355
180 30.0171 180

442.566 30.954 -589.862
180 29.5733 180

442.291 30.954 -589.367
180 29.1374 180

442.018 30.954 -588.871
180 28.7077 180

441.75 30.954 -588.372
180 28.2811 180

441.485 30.954 -587.871
180 27.8608 180

441.224 30.954 -587.368
180 27.4468 180

440.965 30.954 -586.86
180 27.0358 180

440.709 30.954 -586.351
180 26.628 180

440.457 30.954 -585.839
180 26.2233 180

440.207 30.954 -585.322
180 25.8249 180

439.961 30.954 -584.804
180 25.4327 180

439.718 30.954 -584.283
180 25.0499 180

439.476 30.954 -583.758
180 24.6718 180

439.238 30.954 -583.231
180 24.2999 180

439.002 30.954 -582.699
180 23.9311 180

438.77 30.954 -582.166
180 23.5655 180

438.54 30.954 -581.631
180 23.2046 180

438.314 30.954 -581.094
180 22.8483 180

438.09 30.954 -580.553
180 22.4968 180

437.869 30.954 -580.01
180 22.1483 180

437.651 30.954 -579.466
180 21.803 180

437.437 30.954 -578.921
180 21.464 180

437.226 30.954 -578.374
180 21.128 180

437.016 30.954 -577.823
180 20.7968 180

436.81 30.954 -577.27
180 20.4702 180

436.606 30.954 -576.713
180 20.1483 180

436.404 30.954 -576.154
180 19.8311 180

436.204 30.954 -575.591
180 19.5186 180

436.008 30.954 -575.027
180 19.2124 180

435.813 30.954 -574.458
180 18.9093 180

435.621 30.954 -573.888
180 18.6108 180

435.432 30.954 -573.316
180 18.3186 180

435.244 30.954 -572.741
180 18.0327 180

435.059 30.954 -572.16
180 17.7514 180

434.876 30.954 -571.579
180 17.4749 180

434.694 30.954 -570.993
180 17.203 180

434.516 30.954 -570.407
180 16.9327 180

434.339 30.954 -569.815
180 16.6655 180

434.164 30.954 -569.221
180 16.4046 180

433.99 30.954 -568.623
180 16.1514 180

433.819 30.954 -568.022
180 15.9046 180

433.649 30.954 -567.414
180 15.6639 180

433.48 30.954 -566.803
180 15.4311 180

433.313 30.954 -566.188
180 15.203 180

433.147 30.954 -565.569
180 14.9843 180

432.983 30.954 -564.946
180 14.7702 180

432.82 30.954 -564.318
180 14.5624 180

432.659 30.954 -563.69
180 14.3624 180

432.499 30.954 -563.058
180 14.1671 180

432.342 30.954 -562.425
180 13.9796 180

432.185 30.954 -561.787
180 13.7968 180

432.031 30.954 -561.15
180 13.6218 180

431.877 30.954 -560.508
180 13.4499 180

431.725 30.954 -559.861
180 13.2811 180

431.573 30.954 -559.211
180 13.1155 180

431.423 30.954 -558.556
180 12.9515 180

431.274 30.954 -557.901
180 12.7905 180

431.126 30.954 -557.241
180 12.6311 180

430.98 30.954 -556.581
180 12.4733 180

430.835 30.954 -555.917
180 12.3171 180

430.692 30.954 -555.253
180 12.1624 180

430.551 30.954 -554.588
180 12.0093 180

430.41 30.954 -553.919
180 11.8561 180

430.271 30.954 -553.25
180 11.7046 180

430.134 30.954 -552.58
180 11.553 180

429.999 30.954 -551.91
180 11.403 180

429.866 30.954 -551.239
180 11.253 180

429.734 30.954 -550.565
180 11.103 180

429.603 30.954 -549.89
180 10.953 180

429.474 30.954 -549.215
180 10.803 180

429.347 30.954 -548.539
180 10.653 180

429.222 30.954 -547.863
180 10.503 180

429.098 30.954 -547.187
180 10.353 180

428.976 30.954 -546.51
180 10.203 180

428.856 30.954 -545.833
180 10.053 180

428.738 30.954 -545.156
180 9.90302 180

428.622 30.954 -544.478
180 9.75302 180

428.507 30.954 -543.8
180 9.60302 180

428.394 30.954 -543.122
180 9.45302 180

428.283 30.954 -542.444
180 9.30302 180

428.173 30.954 -541.765
180 9.15302 180

428.066 30.954 -541.086
180 9.00302 180

427.96 30.954 -540.407
180 8.85302 180

427.856 30.954 -539.727
180 8.70302 180

427.754 30.954 -539.047
180 8.55302 180

427.653 30.954 -538.367
180 8.40302 180

427.555 30.954 -537.687
180 8.25303 180

427.458 30.954 -537.006
180 8.10302 180

427.363 30.954 -536.325
180 7.95303 180

427.269 30.954 -535.644
180 7.80303 180

427.178 30.954 -534.963
180 7.65303 180

427.088 30.954 -534.281
180 7.50303 180

427 30.954 -533.599
180 7.35303 180

426.914 30.954 -532.917
180 7.20303 180

426.829 30.954 -532.235
180 7.05303 180

426.747 30.954 -531.552
180 6.90615 180

426.665 30.954 -530.866
180 6.76396 180

426.585 30.954 -530.175
180 6.62803 180

426.506 30.954 -529.48
180 6.49521 180

426.428 30.954 -528.781
180 6.36396 180

426.351 30.954 -528.079
180 6.23584 180

426.276 30.954 -527.376
180 6.11084 180

426.202 30.954 -526.669
180 5.9874 180

426.129 30.954 -525.961
180 5.86709 180

426.057 30.954 -525.25
180 5.74834 180

425.987 30.954 -524.539
180 5.63115 180

425.918 30.954 -523.823
180 5.51396 180

425.851 30.954 -523.108
180 5.39834 180

425.784 30.954 -522.388
180 5.28584 180

425.719 30.954 -521.668
180 5.17647 180

425.655 30.954 -520.945
180 5.06865 180

425.592 30.954 -520.217
180 4.96396 180

425.53 30.954 -519.489
180 4.8624 180

425.469 30.954 -518.757
180 4.7624 180

425.409 30.954 -518.025
180 4.66397 180

425.35 30.954 -517.289
180 4.56709 180

425.293 30.954 -516.553
180 4.47334 180

425.236 30.954 -515.817
180 4.38115 180

425.181 30.954 -515.077
180 4.28896 180

425.126 30.954 -514.337
180 4.1999 180

425.073 30.954 -513.593
180 4.1124 180

425.02 30.954 -512.849
180 4.02803 180

424.969 30.954 -512.1
180 3.94521 180

424.918 30.954 -511.352
180 3.86396 180

424.868 30.954 -510.6
180 3.78428 180

424.82 30.954 -509.847
180 3.70771 180

424.772 30.954 -509.091
180 3.63271 180

424.725 30.954 -508.335
180 3.55928 180

424.678 30.954 -507.575
180 3.4874 180

424.633 30.954 -506.814
180 3.41709 180

424.588 30.954 -506.05
180 3.34678 180

424.544 30.954 -505.285
180 3.27803 180

424.502 30.954 -504.521
180 3.2124 180

424.459 30.954 -503.753
180 3.14678 180

424.418 30.954 -502.984
180 3.08428 180

424.377 30.954 -502.212
180 3.02334 180

424.337 30.954 -501.439
180 2.96397 180

424.298 30.954 -500.663
180 2.90615 180

424.259 30.954 -499.887
180 2.8499 180

424.221 30.954 -499.106
180 2.79678 180

424.183 30.954 -498.322
180 2.74522 180

424.146 30.954 -497.534
180 2.69365 180

424.11 30.954 -496.746
180 2.64365 180

424.074 30.954 -495.954
180 2.59522 180

424.039 30.954 -495.161
180 2.54834 180

424.004 30.954 -494.365
180 2.50147 180

423.97 30.954 -493.569
180 2.45615 180

423.936 30.954 -492.769
180 2.41084 180

423.903 30.954 -491.965
180 2.36709 180

423.87 30.954 -491.161
180 2.3249 180

423.838 30.954 -490.353
180 2.28428 180

423.806 30.954 -489.545
180 2.24522 180

423.775 30.954 -488.733
180 2.20615 180

423.744 30.954 -487.921
180 2.16709 180

423.714 30.954 -487.107
180 2.12803 180

423.684 30.954 -486.294
180 2.09053 180

423.655 30.954 -485.48
180 2.05303 180

423.626 30.954 -484.666
180 2.01553 180

423.598 30.954 -483.848
180 1.97803 180

423.57 30.954 -483.03
180 1.94053 180

423.543 30.954 -482.212
180 1.90303 180

423.517 30.954 -481.392
180 1.86553 180

423.49 30.954 -480.572
180 1.82959 180

423.465 30.954 -479.752
180 1.79365 180

423.44 30.954 -478.932
180 1.75772 180

423.415 30.954 -478.109
180 1.72334 180

423.391 30.954 -477.285
180 1.68897 180

423.367 30.954 -476.461
180 1.65459 180

423.343 30.954 -475.637
180 1.62022 180

423.321 30.954 -474.813
180 1.58584 180

423.298 30.954 -473.989
180 1.55147 180

423.276 30.954 -473.165
180 1.51709 180

423.255 30.954 -472.339
180 1.48272 180

423.234 30.954 -471.513
180 1.44834 180

423.214 30.954 -470.686
180 1.41397 180

423.194 30.954 -469.858
180 1.37959 180

423.174 30.954 -469.028
180 1.34522 180

423.155 30.954 -468.198
180 1.31084 180

423.137 30.954 -467.368
180 1.27803 180

423.119 30.954 -466.538
180 1.24522 180

423.101 30.954 -465.704
180 1.2124 180

423.084 30.954 -464.871
180 1.17959 180

423.067 30.954 -464.037
180 1.14678 180

423.051 30.954 -463.201
180 1.11397 180

423.035 30.954 -462.365
180 1.08115 180

423.02 30.954 -461.529
180 1.0499 180

423.005 30.954 -460.694
180 1.01865 180

422.991 30.954 -459.854
180 0.987403 180

422.977 30.954 -459.014
180 0.956153 180

422.963 30.954 -458.174
180 0.926465 180

422.95 30.954 -457.331
180 0.896778 180

422.937 30.954 -456.487
180 0.867091 180

422.925 30.954 -455.643
180 0.837403 180

422.913 30.954 -454.798
180 0.809278 180

422.901 30.954 -453.952
180 0.781153 180

422.89 30.954 -453.103
180 0.754591 180

422.879 30.954 -452.253
180 0.728028 180

422.869 30.954 -451.402
180 0.701466 180

422.859 30.954 -450.55
180 0.674903 180

422.849 30.954 -449.699
180 0.648341 180

422.84 30.954 -448.847
180 0.621778 180

422.831 30.954 -447.996
180 0.595216 180

422.823 30.954 -447.144
180 0.568653 180

422.815 30.954 -446.293
180 0.542091 180

422.807 30.954 -445.441
180 0.515528 180

422.8 30.954 -444.589
180 0.488966 180

422.793 30.954 -443.738
180 0.462403 180

422.786 30.954 -442.886
180 0.435841 180

422.78 30.954 -442.035
180 0.409278 180

422.775 30.954 -441.183
180 0.384278 180

422.769 30.954 -440.332
180 0.359278 180

422.764 30.954 -439.48
180 0.334278 180

422.76 30.954 -438.629
180 0.309278 180

422.755 30.954 -437.777
180 0.284278 180

422.752 30.954 -436.926
180 0.259278 180

422.748 30.954 -436.07
180 0.23584 180

422.745 30.954 -435.215
180 0.213965 180

422.742 30.954 -434.359
180 0.193653 180

422.739 30.954 -433.504
180 0.17334 180

422.737 30.954 -432.648
180 0.15459 180

422.735 30.954 -431.793
180 0.135841 180

422.733 30.954 -430.937
180 0.117091 180

422.732 30.954 -430.078
180 0.099903 180

422.73 30.954 -429.219
180 0.084278 180

422.729 30.954 -428.359
180 0.068653 180

422.729 30.954 -427.5
180 0.056153 180

422.728 30.954 -426.636
180 0.046778 180

422.727 30.954 -425.769
180 0.0389655 180

422.727 30.954 -424.902
180 0.031153 180

422.727 30.954 -424.031
180 0.024903 180

422.726 30.954 -423.16
180 0.0202155 180

422.726 30.954 -422.285
180 0.015528 180

422.726 30.954 -421.41
180 0.012403 180

422.726 30.954 -420.531
180 0.00927801 180

422.725 30.954 -419.652
180 0.00771551 180

422.725 30.954 -418.773
180 0.00615301 180

422.725 30.954 -417.894
180 0.00459051 180

422.725 30.954 -417.011
180 0.00302801 180

422.725 30.954 -416.129
180 0.00146551 180

422.725 30.954 -415.246
180 360 180

422.725 30.954 -414.363
180 359.998 180

422.725 30.954 -413.48
180 359.997 180

422.725 30.954 -412.597
180 359.995 180

422.725 30.954 -411.715
180 359.994 180

422.726 30.954 -410.832
180 359.992 180

422.726 30.954 -409.949
180 359.991 180

422.726 30.954 -409.066
180 359.991 180

422.726 30.954 -408.183
180 359.991 180

422.726 30.954 -407.301
180 359.991 180

422.726 30.954 -406.418
180 359.991 180

422.727 30.954 -405.535
180 359.991 180

422.727 30.954 -404.652
180 359.991 180

422.727 30.954 -403.769
180 359.991 180

422.727 30.954 -402.886
180 359.991 180

422.727 30.954 -402.004
180 359.991 180

422.727 30.954 -401.121
180 359.991 180

422.727 30.954 -400.238
180 359.991 180

422.728 30.954 -399.355
180 359.991 180

422.728 30.954 -398.472
180 359.991 180

422.728 30.954 -397.59
180 359.987 180

422.728 30.954 -396.707
180 359.984 180

422.728 30.954 -395.824
180 359.98 180

422.729 30.954 -394.941
180 359.975 180

422.729 30.954 -394.058
180 359.969 180

422.73 30.954 -393.176
180 359.961 180

422.731 30.954 -392.293
180 359.948 180

422.732 30.954 -391.41
180 359.933 180

422.733 30.954 -390.527
180 359.914 180

422.735 30.954 -389.64
180 359.892 180

422.737 30.954 -388.754
180 359.867 180

422.739 30.954 -387.867
180 359.839 180

422.742 30.954 -386.976
180 359.808 180

422.746 30.954 -386.086
180 359.773 180

422.75 30.954 -385.191
180 359.734 180

422.755 30.954 -384.297
180 359.689 180

422.76 30.954 -383.402
180 359.637 180

422.767 30.954 -382.504
180 359.58 180

422.775 30.954 -381.601
180 359.516 180

422.783 30.954 -380.699
180 359.448 180

422.793 30.954 -379.793
180 359.378 180

422.804 30.954 -378.883
180 359.303 180

422.817 30.954 -377.973
180 359.225 180

422.83 30.954 -377.059
180 359.144 180

422.845 30.954 -376.145
180 359.059 180

422.862 30.954 -375.227
180 358.972 180

422.88 30.954 -374.309
180 358.883 180

422.899 30.954 -373.391
180 358.792 180

422.92 30.954 -372.474
180 358.7 180

422.942 30.954 -371.552
180 358.605 180

422.966 30.954 -370.631
180 358.508 180

422.992 30.954 -369.709
180 358.409 180

423.019 30.954 -368.784
180 358.308 180

423.048 30.954 -367.854
180 358.203 180

423.079 30.954 -366.925
180 358.097 180

423.112 30.954 -365.992
180 357.987 180

423.147 30.954 -365.055
180 357.873 180

423.184 30.954 -364.115
180 357.756 180

423.223 30.954 -363.17
180 357.636 180

423.264 30.954 -362.222
180 357.512 180

423.307 30.954 -361.27
180 357.384 180

423.353 30.954 -360.314
180 357.253 180

423.401 30.954 -359.358
180 357.119 180

423.452 30.954 -358.398
180 356.983 180

423.505 30.954 -357.439
180 356.844 180

423.56 30.954 -356.48
180 356.705 180

423.618 30.954 -355.52
180 356.564 180

423.678 30.954 -354.561
180 356.423 180

423.74 30.954 -353.602
180 356.281 180

423.805 30.954 -352.644
180 356.139 180

423.872 30.954 -351.685
180 355.997 180

423.941 30.954 -350.727
180 355.855 180

424.013 30.954 -349.768
180 355.712 180

424.087 30.954 -348.81
180 355.57 180

424.164 30.954 -347.852
180 355.428 180

424.243 30.954 -346.895
180 355.286 180

424.324 30.954 -345.937
180 355.144 180

424.408 30.954 -344.98
180 355.002 180

424.494 30.954 -344.023
180 354.859 180

424.582 30.954 -343.066
180 354.717 180

424.673 30.954 -342.109
180 354.575 180

424.767 30.954 -341.153
180 354.433 180

424.862 30.954 -340.197
180 354.291 180

424.96 30.954 -339.241
180 354.148 180

425.06 30.954 -338.285
180 354.006 180

425.163 30.954 -337.33
180 353.864 180

425.268 30.954 -336.375
180 353.722 180

425.376 30.954 -335.42
180 353.58 180

425.486 30.954 -334.465
180 353.438 180

425.598 30.954 -333.511
180 353.295 180

425.712 30.954 -332.557
180 353.153 180

425.829 30.954 -331.603
180 353.011 180

425.948 30.954 -330.649
180 352.869 180

426.07 30.954 -329.696
180 352.727 180

426.194 30.954 -328.743
180 352.584 180

426.321 30.954 -327.791
180 352.442 180

426.449 30.954 -326.838
180 352.3 180

426.58 30.954 -325.886
180 352.158 180

426.714 30.954 -324.935
180 352.016 180

426.85 30.954 -323.983
180 351.874 180

426.988 30.954 -323.033
180 351.731 180

427.128 30.954 -322.082
180 351.589 180

427.271 30.954 -321.132
180 351.447 180

427.417 30.954 -320.182
180 351.305 180

427.564 30.954 -319.232
180 351.163 180

427.714 30.954 -318.283
180 351.02 180

427.867 30.954 -317.334
180 350.878 180

428.021 30.954 -316.386
180 350.736 180

428.178 30.954 -315.438
180 350.594 180

428.338 30.954 -314.49
180 350.452 180

428.499 30.954 -313.543
180 350.31 180

428.664 30.954 -312.596
180 350.167 180

428.83 30.954 -311.65
180 350.025 180

428.999 30.954 -310.704
180 349.883 180

429.17 30.954 -309.758
180 349.741 180

429.343 30.954 -308.813
180 349.599 180

429.519 30.954 -307.868
180 349.456 180

429.697 30.954 -306.924
180 349.314 180

429.878 30.954 -305.98
180 349.172 180

430.061 30.954 -305.037
180 349.03 180

430.246 30.954 -304.094
180 348.888 180

430.434 30.954 -303.151
180 348.746 180

430.623 30.954 -302.21
180 348.603 180

430.816 30.954 -301.268
180 348.461 180

431.01 30.954 -300.327
180 348.319 180

431.207 30.954 -299.386
180 348.177 180

431.407 30.954 -298.443
180 348.035 180

431.61 30.954 -297.499
180 347.892 180

431.814 30.954 -296.556
180 347.752 180

432.022 30.954 -295.61
180 347.611 180

432.232 30.954 -294.664
180 347.474 180

432.445 30.954 -293.715
180 347.338 180

432.662 30.954 -292.763
180 347.203 180

432.88 30.954 -291.811
180 347.071 180

433.102 30.954 -290.856
180 346.938 180

433.326 30.954 -289.898
180 346.807 180

433.553 30.954 -288.94
180 346.677 180

433.783 30.954 -287.979
180 346.547 180

434.015 30.954 -287.018
180 346.417 180

434.25 30.954 -286.058
180 346.289 180

434.486 30.954 -285.098
180 346.163 180

434.725 30.954 -284.135
180 346.036 180

434.967 30.954 -283.173
180 345.91 180

435.211 30.954 -282.211
180 345.785 180

435.456 30.954 -281.25
180 345.661 180

435.704 30.954 -280.289
180 345.539 180

435.954 30.954 -279.329
180 345.417 180

436.206 30.954 -278.369
180 345.296 180

436.461 30.954 -277.406
180 345.175 180

436.717 30.954 -276.444
180 345.055 180

436.976 30.954 -275.482
180 344.935 180

437.237 30.954 -274.521
180 344.816 180

437.5 30.954 -273.56
180 344.697 180

437.765 30.954 -272.6
180 344.578 180

438.032 30.954 -271.64
180 344.46 180

438.301 30.954 -270.681
180 344.341 180

438.572 30.954 -269.722
180 344.222 180

438.844 30.954 -268.764
180 344.103 180

439.119 30.954 -267.807
180 343.986 180

439.396 30.954 -266.85
180 343.869 180

439.675 30.954 -265.894
180 343.752 180

439.955 30.954 -264.938
180 343.635 180

440.238 30.954 -263.983
180 343.519 180

440.522 30.954 -263.028
180 343.403 180

440.809 30.954 -262.074
180 343.289 180

441.097 30.954 -261.121
180 343.175 180

441.387 30.954 -260.168
180 343.063 180

441.679 30.954 -259.217
180 342.952 180

441.972 30.954 -258.268
180 342.842 180

442.267 30.954 -257.318
180 342.733 180

442.564 30.954 -256.369
180 342.625 180

442.863 30.954 -255.421
180 342.517 180

443.163 30.954 -254.474
180 342.41 180

443.465 30.954 -253.527
180 342.302 180

443.769 30.954 -252.58
180 342.194 180

444.075 30.954 -251.634
180 342.086 180

444.383 30.954 -250.689
180 341.978 180

444.692 30.954 -249.744
180 341.871 180

445.003 30.954 -248.8
180 341.763 180

445.316 30.954 -247.856
180 341.655 180

445.631 30.954 -246.913
180 341.547 180

445.947 30.954 -245.971
180 341.439 180

446.265 30.954 -245.029
180 341.331 180

446.585 30.954 -244.088
180 341.224 180

446.907 30.954 -243.147
180 341.116 180

447.231 30.954 -242.207
180 341.008 180

447.556 30.954 -241.267
180 340.9 180

447.883 30.954 -240.329
180 340.792 180

448.212 30.954 -239.391
180 340.685 180

448.542 30.954 -238.453
180 340.577 180

448.874 30.954 -237.518
180 340.469 180

449.207 30.954 -236.583
180 340.361 180

449.543 30.954 -235.65
180 340.253 180

449.88 30.954 -234.716
180 340.145 180

450.218 30.954 -233.784
180 340.038 180

450.559 30.954 -232.852
180 339.93 180

450.901 30.954 -231.921
180 339.822 180

451.245 30.954 -230.99
180 339.714 180

451.591 30.954 -230.06
180 339.606 180

451.938 30.954 -229.131
180 339.499 180

452.288 30.954 -228.202
180 339.391 180

452.639 30.954 -227.274
180 339.283 180

452.991 30.954 -226.346
180 339.175 180

453.346 30.954 -225.42
180 339.067 180

453.702 30.954 -224.494
180 338.959 180

454.06 30.954 -223.568
180 338.853 180

454.419 30.954 -222.645
180 338.747 180

454.778 30.954 -221.727
180 338.644 180

455.138 30.954 -220.811
180 338.542 180

455.499 30.954 -219.897
180 338.444 180

455.861 30.954 -218.986
180 338.349 180

456.223 30.954 -218.079
180 338.259 180

456.584 30.954 -217.176
180 338.175 180

456.946 30.954 -216.277
180 338.095 180

457.308 30.954 -215.38
180 338.02 180

457.67 30.954 -214.486
180 337.952 180

458.032 30.954 -213.594
180 337.891 180

458.394 30.954 -212.706
180 337.836 180

458.756 30.954 -211.82
180 337.786 180

459.117 30.954 -210.938
180 337.747 180

459.477 30.954 -210.058
180 337.713 180

459.838 30.954 -209.179
180 337.684 180

460.198 30.954 -208.303
180 337.659 180

460.558 30.954 -207.429
180 337.641 180

460.917 30.954 -206.557
180 337.627 180

461.275 30.954 -205.686
180 337.617 180

461.634 30.954 -204.816
180 337.611 180

461.992 30.954 -203.945
180 337.606 180

462.351 30.954 -203.075
180 337.603 180

462.71 30.954 -202.205
180 337.602 180

463.067 30.954 -201.338
180 337.602 180

463.423 30.954 -200.475
180 337.605 180

463.775 30.954 -199.619
180 337.614 180

464.122 30.954 -198.775
180 337.63 180

464.461 30.954 -197.951
180 337.658 180

464.792 30.954 -197.144
180 337.7 180

465.117 30.954 -196.35
180 337.759 180

465.434 30.954 -195.57
180 337.836 180

465.746 30.954 -194.801
180 337.925 180

466.052 30.954 -194.042
180 338.025 180

466.354 30.954 -193.29
180 338.139 180

466.651 30.954 -192.546
180 338.264 180

466.943 30.954 -191.809
180 338.409 180

467.227 30.954 -191.085
180 338.578 180

467.506 30.954 -190.366
180 338.767 180

467.779 30.954 -189.655
180 338.98 180

468.046 30.954 -188.952
180 339.216 180

468.309 30.954 -188.25
180 339.47 180

468.567 30.954 -187.55
180 339.744 180

468.821 30.954 -186.852
180 340.034 180

469.07 30.954 -186.155
180 340.341 180

469.314 30.954 -185.458
180 340.661 180

469.553 30.954 -184.766
180 340.992 180

469.786 30.954 -184.076
180 341.331 180

470.013 30.954 -183.39
180 341.678 180

470.235 30.954 -182.706
180 342.034 180

470.449 30.954 -182.03
180 342.399 180

470.659 30.954 -181.355
180 342.767 180

470.863 30.954 -180.682
180 343.139 180

471.062 30.954 -180.01
180 343.514 180

471.255 30.954 -179.34
180 343.891 180

471.444 30.954 -178.669
180 344.27 180

471.629 30.954 -177.996
180 344.65 180

471.808 30.954 -177.325
180 345.031 180

471.983 30.954 -176.652
180 345.413 180

472.154 30.954 -175.978
180 345.794 180

472.32 30.954 -175.302
180 346.175 180

472.482 30.954 -174.626
180 346.558 180

472.639 30.954 -173.949
180 346.941 180

472.791 30.954 -173.27
180 347.324 180

472.94 30.954 -172.591
180 347.706 180

473.083 30.954 -171.911
180 348.089 180

473.222 30.954 -171.229
180 348.472 180

473.356 30.954 -170.547
180 348.855 180

473.486 30.954 -169.864
180 349.238 180

473.611 30.954 -169.18
180 349.62 180

473.732 30.954 -168.495
180 350.005 180

473.848 30.954 -167.812
180 350.389 180

473.959 30.954 -167.129
180 350.775 180

474.065 30.954 -166.448
180 351.163 180

474.165 30.954 -165.774
180 351.555 180

474.259 30.954 -165.107
180 351.953 180

474.348 30.954 -164.443
180 352.355 180

474.432 30.954 -163.784
180 352.759 180

474.51 30.954 -163.13
180 353.17 180

474.583 30.954 -162.482
180 353.588 180

474.651 30.954 -161.835
180 354.009 180

474.714 30.954 -161.192
180 354.436 180

474.771 30.954 -160.55
180 354.866 180

474.824 30.954 -159.91
180 355.297 180

474.872 30.954 -159.271
180 355.728 180

474.915 30.954 -158.631
180 356.159 180

474.953 30.954 -157.992
180 356.592 180

474.986 30.954 -157.352
180 357.025 180

475.014 30.954 -156.712
180 357.458 180

475.038 30.954 -156.072
180 357.891 180

475.057 30.954 -155.432
180 358.323 180

475.071 30.954 -154.791
180 358.756 180

475.08 30.954 -154.151
180 359.189 180

475.084 30.954 -153.51
180 359.622 180

475.083 30.954 -152.869
180 0.0546997 180

475.078 30.954 -152.229
180 0.487512 180

475.068 30.954 -151.588
180 0.920325 180

475.052 30.954 -150.948
180 1.35314 180

475.032 30.954 -150.308
180 1.78595 180

475.008 30.954 -149.667
180 2.21876 180

474.978 30.954 -149.027
180 2.65157 180

474.944 30.954 -148.39
180 3.08439 180

474.905 30.954 -147.754
180 3.5172 180

474.861 30.954 -147.119
180 3.95001 180

474.812 30.954 -146.484
180 4.38282 180

474.759 30.954 -145.85
180 4.81564 180

474.7 30.954 -145.216
180 5.24845 180

474.637 30.954 -144.582
180 5.68126 180

474.57 30.954 -143.949
180 6.11407 180

474.497 30.954 -143.316
180 6.54689 180

474.42 30.954 -142.684
180 6.9797 180

474.337 30.954 -142.053
180 7.41251 180

474.25 30.954 -141.422
180 7.84532 180

474.159 30.954 -140.792
180 8.27814 180

474.062 30.954 -140.163
180 8.71095 180

473.961 30.954 -139.534
180 9.14376 180

473.855 30.954 -138.906
180 9.57657 180

473.745 30.954 -138.279
180 10.0094 180

473.629 30.954 -137.653
180 10.4422 180

473.509 30.954 -137.028
180 10.875 180

473.384 30.954 -136.403
180 11.3078 180

473.255 30.954 -135.78
180 11.7406 180

473.12 30.954 -135.158
180 12.1734 180

472.981 30.954 -134.536
180 12.6063 180

472.838 30.954 -133.916
180 13.0391 180

472.689 30.954 -133.297
180 13.4719 180

472.536 30.954 -132.679
180 13.9047 180

472.379 30.954 -132.062
180 14.3375 180

472.216 30.954 -131.446
180 14.7703 180

472.049 30.954 -130.832
180 15.2031 180

471.878 30.954 -130.218
180 15.6359 180

471.702 30.954 -129.607
180 16.0688 180

471.521 30.954 -128.996
180 16.5016 180

471.335 30.954 -128.387
180 16.9344 180

471.145 30.954 -127.779
180 17.3672 180

470.951 30.954 -127.173
180 17.8 180

470.751 30.954 -126.568
180 18.2328 180

470.548 30.954 -125.965
180 18.6656 180

470.339 30.954 -125.363
180 19.0984 180

470.126 30.954 -124.763
180 19.5281 180

469.909 30.954 -124.165
180 19.9578 180

469.687 30.954 -123.568
180 20.3875 180

469.461 30.954 -122.973
180 20.8156 180

469.23 30.954 -122.379
180 21.2438 180

468.995 30.954 -121.788
180 21.6719 180

468.756 30.954 -121.198
180 22.1 180

468.512 30.954 -120.61
180 22.5266 180

468.263 30.954 -120.023
180 22.9531 180

468.011 30.954 -119.439
180 23.3781 180

467.754 30.954 -118.856
180 23.8031 180

467.492 30.954 -118.276
180 24.2281 180

467.227 30.954 -117.697
180 24.6516 180

466.957 30.954 -117.12
180 25.0734 180

466.681 30.954 -116.542
180 25.4953 180

466.401 30.954 -115.966
180 25.9141 180

466.117 30.954 -115.392
180 26.3313 180

465.827 30.954 -114.816
180 26.7469 180

465.533 30.954 -114.243
180 27.1609 180

465.233 30.954 -113.668
180 27.5703 180

464.929 30.954 -113.095
180 27.9781 180

464.618 30.954 -112.521
180 28.3844 180

464.304 30.954 -111.95
180 28.7891 180

463.986 30.954 -111.38
180 29.1922 180

463.662 30.954 -110.809
180 29.5953 180

463.334 30.954 -110.241
180 29.9953 180

463.002 30.954 -109.675
180 30.3953 180

462.666 30.954 -109.111
180 30.7938 180

462.326 30.954 -108.55
180 31.1906 180

461.98 30.954 -107.988
180 31.5875 180

461.631 30.954 -107.428
180 31.9844 180

461.277 30.954 -106.87
180 32.3781 180

460.92 30.954 -106.315
180 32.7703 180

460.557 30.954 -105.759
180 33.161 180

460.19 30.954 -105.206
180 33.5516 180

459.819 30.954 -104.655
180 33.9406 180

459.444 30.954 -104.106
180 34.3281 180

459.066 30.954 -103.561
180 34.7141 180

458.682 30.954 -103.014
180 35.0969 180

458.294 30.954 -102.47
180 35.4766 180

457.901 30.954 -101.925
180 35.8531 180

457.504 30.954 -101.383
180 36.2266 180

457.103 30.954 -100.844
180 36.5969 180

456.699 30.954 -100.307
180 36.9641 180

456.292 30.954 -99.773
180 37.325 180

455.881 30.954 -99.2412
180 37.6813 180

455.467 30.954 -98.712
180 38.0328 180

455.05 30.954 -98.1853
180 38.3797 180

454.63 30.954 -97.6611
180 38.7203 180

454.206 30.954 -97.1394
180 39.0578 180

453.78 30.954 -96.6202
180 39.3922 180

453.352 30.954 -96.1049
180 39.7219 180

452.921 30.954 -95.5921
180 40.0485 180

452.487 30.954 -95.0817
180 40.3703 180

452.051 30.954 -94.5751
180 40.6875 180

451.616 30.954 -94.074
180 41.0016 180

451.18 30.954 -93.5781
180 41.3078 180

450.744 30.954 -93.0874
180 41.6125 180

450.308 30.954 -92.602
180 41.911 180

449.873 30.954 -92.1217
180 42.2063 180

449.437 30.954 -91.6464
180 42.4969 180

449.001 30.954 -91.1749
180 42.786 180

448.563 30.954 -90.7069
180 43.0703 180

448.125 30.954 -90.2425
180 43.3516 180

447.687 30.954 -89.783
180 43.6297 180

447.248 30.954 -89.3271
180 43.9047 180

446.81 30.954 -88.876
180 44.1766 180

446.371 30.954 -88.4284
180 44.4453 180

445.931 30.954 -87.9842
180 44.7094 180

445.491 30.954 -87.5435
180 44.9735 180

445.049 30.954 -87.1047
180 45.2328 180

444.606 30.954 -86.6693
180 45.4922 180

444.161 30.954 -86.2359
180 45.7516 180

443.714 30.954 -85.8046
180 46.011 180

443.265 30.954 -85.3752
180 46.2672 180

442.814 30.954 -84.9479
180 46.5235 180

442.363 30.954 -84.5239
180 46.7797 180

441.91 30.954 -84.1019
180 47.0359 180

441.455 30.954 -83.682
180 47.2922 180

440.998 30.954 -83.2641
180 47.5484 180

440.54 30.954 -82.8482
180 47.8016 180

440.079 30.954 -82.4343
180 48.0547 180

439.617 30.954 -82.0225
180 48.3078 180

439.153 30.954 -81.6128
180 48.5609 180

438.687 30.954 -81.2051
180 48.8141 180

438.219 30.954 -80.7994
180 49.0672 180

437.749 30.954 -80.3959
180 49.3203 180

437.278 30.954 -79.9944
180 49.5734 180

436.805 30.954 -79.5949
180 49.8266 180

436.33 30.954 -79.1976
180 50.0797 180

435.854 30.954 -78.8024
180 50.3328 180

435.375 30.954 -78.4093
180 50.5859 180

434.895 30.954 -78.0183
180 50.8391 180

434.413 30.954 -77.6295
180 51.0922 180

433.93 30.954 -77.2427
180 51.3453 180

433.446 30.954 -76.8593
180 51.5969 180

432.962 30.954 -76.4792
180 51.8453 180

432.477 30.954 -76.1012
180 52.089 180

431.992 30.954 -75.7264
180 52.3297 180

431.505 30.954 -75.3537
180 52.5672 180

431.018 30.954 -74.9841
180 52.8016 180

430.531 30.954 -74.6176
180 53.0344 180

430.042 30.954 -74.2531
180 53.2641 180

429.553 30.954 -73.8906
180 53.4922 180

429.063 30.954 -73.5312
180 53.7188 180

428.572 30.954 -73.1737
180 53.9453 180

428.079 30.954 -72.8181
180 54.1687 180

427.586 30.954 -72.4644
180 54.3922 180

427.09 30.954 -72.1127
180 54.6156 180

426.594 30.954 -71.7629
180 54.8391 180

426.096 30.954 -71.415
180 55.0609 180

425.597 30.954 -71.0691
180 55.2828 180

425.096 30.954 -70.7251
180 55.5031 180

424.596 30.954 -70.3841
180 55.7234 180

424.094 30.954 -70.045
180 55.9406 180

423.591 30.954 -69.7078
180 56.1562 180

423.087 30.954 -69.3724
180 56.3703 180

422.583 30.954 -69.0401
180 56.5828 180

422.078 30.954 -68.7095
180 56.7922 180

421.572 30.954 -68.3808
180 57 180

421.065 30.954 -68.054
180 57.2062 180

420.556 30.954 -67.7289
180 57.4109 180

420.047 30.954 -67.4057
180 57.6141 180

419.536 30.954 -67.0842
180 57.8156 180

419.024 30.954 -66.7645
180 58.0156 180

418.511 30.954 -66.4466
180 58.2125 180

417.997 30.954 -66.1304
180 58.4078 180

417.482 30.954 -65.816
180 58.6016 180

416.966 30.954 -65.5033
180 58.7922 180

416.448 30.954 -65.1923
180 58.9828 180

415.93 30.954 -64.883
180 59.1719 180

415.411 30.954 -64.5755
180 59.3594 180

414.891 30.954 -64.2696
180 59.5437 180

414.369 30.954 -63.9653
180 59.7265 180

413.847 30.954 -63.6627
180 59.9078 180

413.324 30.954 -63.3618
180 60.0875 180

412.8 30.954 -63.0624
180 60.2672 180

412.275 30.954 -62.7648
180 60.4453 180

411.749 30.954 -62.4687
180 60.6218 180

411.219 30.954 -62.1723
180 60.7984 180

410.688 30.954 -61.8776
180 60.9718 180

410.156 30.954 -61.5844
180 61.1437 180

409.623 30.954 -61.2929
180 61.3156 180

409.089 30.954 -61.0029
180 61.4875 180

408.555 30.954 -60.7146
180 61.6593 180

408.019 30.954 -60.4278
180 61.8312 180

407.483 30.954 -60.1427
180 62.0015 180

406.946 30.954 -59.8591
180 62.1718 180

406.408 30.954 -59.5771
180 62.3406 180

405.869 30.954 -59.2968
180 62.5093 180

405.329 30.954 -59.0179
180 62.6765 180

404.789 30.954 -58.7407
180 62.8437 180

404.247 30.954 -58.465
180 63.0093 180

403.705 30.954 -58.1909
180 63.1734 180

403.163 30.954 -57.9183
180 63.3375 180

402.619 30.954 -57.6473
180 63.4984 180

402.075 30.954 -57.3778
180 63.6578 180

401.529 30.954 -57.1097
180 63.8172 180

400.984 30.954 -56.8432
180 63.975 180

400.437 30.954 -56.5782
180 64.1312 180

399.89 30.954 -56.3147
180 64.2875 180

399.342 30.954 -56.0526
180 64.4437 180

398.793 30.954 -55.7921
180 64.5984 180

398.244 30.954 -55.533
180 64.7531 180

397.694 30.954 -55.2754
180 64.9078 180

397.143 30.954 -55.0193
180 65.0625 180

396.591 30.954 -54.7646
180 65.2156 180

396.039 30.954 -54.5115
180 65.3687 180

395.486 30.954 -54.2598
180 65.5219 180

394.933 30.954 -54.0096
180 65.675 180

394.379 30.954 -53.7609
180 65.8281 180

393.824 30.954 -53.5136
180 65.9812 180

393.268 30.954 -53.2679
180 66.1328 180

392.712 30.954 -53.0236
180 66.2843 180

392.155 30.954 -52.7807
180 66.4359 180

391.598 30.954 -52.5393
180 66.5843 180

391.04 30.954 -52.2994
180 66.7328 180

390.481 30.954 -52.0609
180 66.8797 180

389.922 30.954 -51.8238
180 67.0265 180

389.362 30.954 -51.5881
180 67.1734 180

388.802 30.954 -51.3539
180 67.3187 180

388.241 30.954 -51.1211
180 67.4625 180

387.679 30.954 -50.8897
180 67.6062 180

387.117 30.954 -50.6597
180 67.7484 180

386.554 30.954 -50.4311
180 67.8906 180

385.991 30.954 -50.2038
180 68.0328 180

385.427 30.954 -49.978
180 68.175 180

384.863 30.954 -49.7536
180 68.3172 180

384.298 30.954 -49.5306
180 68.4593 180

383.732 30.954 -49.3089
180 68.5999 180

383.166 30.954 -49.0887
180 68.7406 180

382.599 30.954 -48.8698
180 68.8812 180

382.032 30.954 -48.6524
180 69.0218 180

381.465 30.954 -48.4363
180 69.1609 180

380.896 30.954 -48.2216
180 69.2999 180

380.329 30.954 -48.0089
180 69.439 180

379.762 30.954 -47.7977
180 69.5781 180

379.194 30.954 -47.5878
180 69.7171 180

378.626 30.954 -47.3793
180 69.8562 180

378.057 30.954 -47.1721
180 69.9953 180

377.487 30.954 -46.9664
180 70.1343 180

376.917 30.954 -46.762
180 70.2734 180

376.347 30.954 -46.559
180 70.4125 180

375.776 30.954 -46.3574
180 70.5515 180

375.205 30.954 -46.1572
180 70.6906 180

374.633 30.954 -45.9584
180 70.8297 180

374.06 30.954 -45.761
180 70.9687 180

373.487 30.954 -45.5649
180 71.1078 180

372.914 30.954 -45.3703
180 71.2468 180

372.34 30.954 -45.177
180 71.3828 180

371.766 30.954 -44.985
180 71.5172 180

371.191 30.954 -44.7944
180 71.65 180

370.616 30.954 -44.6051
180 71.7828 180

370.043 30.954 -44.4178
180 71.9125 180

369.468 30.954 -44.2317
180 72.0422 180

368.894 30.954 -44.0469
180 72.1703 180

368.319 30.954 -43.8634
180 72.2969 180

367.744 30.954 -43.6811
180 72.4203 180

367.168 30.954 -43.5
180 72.5422 180

366.592 30.954 -43.3202
180 72.6625 180

366.015 30.954 -43.1415
180 72.7812 180

365.439 30.954 -42.9641
180 72.8984 180

364.861 30.954 -42.7878
180 73.0141 180

364.284 30.954 -42.6126
180 73.1297 180

363.708 30.954 -42.4392
180 73.2422 180

363.131 30.954 -42.2668
180 73.3516 180

362.555 30.954 -42.0956
180 73.4609 180

361.978 30.954 -41.9254
180 73.5687 180

361.4 30.954 -41.7563
180 73.675 180

360.825 30.954 -41.5888
180 73.7797 180

360.249 30.954 -41.4224
180 73.8828 180

359.672 30.954 -41.257
180 73.9859 180

359.096 30.954 -41.0926
180 74.0859 180

358.519 30.954 -40.9292
180 74.1859 180

357.942 30.954 -40.7667
180 74.2844 180

357.366 30.954 -40.6059
180 74.3828 180

356.79 30.954 -40.4459
180 74.4781 180

356.214 30.954 -40.2869
180 74.5718 180

355.638 30.954 -40.1289
180 74.664 180

355.061 30.954 -39.9717
180 74.7547 180

354.484 30.954 -39.8155
180 74.8453 180

353.909 30.954 -39.6606
180 74.9343 180

353.333 30.954 -39.5066
180 75.0203 180

352.758 30.954 -39.3535
180 75.1047 180

352.182 30.954 -39.2012
180 75.1875 180

351.606 30.954 -39.0497
180 75.2687 180

351.029 30.954 -38.8991
180 75.3484 180

350.453 30.954 -38.7492
180 75.4265 180

349.878 30.954 -38.6005
180 75.5015 180

349.303 30.954 -38.4526
180 75.5765 180

348.728 30.954 -38.3055
180 75.65 180

348.152 30.954 -38.1591
180 75.7234 180

347.577 30.954 -38.0134
180 75.7968 180

347.001 30.954 -37.8684
180 75.8703 180

346.425 30.954 -37.7242
180 75.9422 180

345.849 30.954 -37.5807
180 76.014 180

345.273 30.954 -37.4379
180 76.0859 180

344.696 30.954 -37.2959
180 76.1578 180

344.119 30.954 -37.1545
180 76.2297 180

343.543 30.954 -37.0139
180 76.3016 180

342.965 30.954 -36.8741
180 76.3734 180

342.388 30.954 -36.7349
180 76.4453 180

341.811 30.954 -36.5965
180 76.5172 180

341.233 30.954 -36.4587
180 76.5891 180

340.656 30.954 -36.3218
180 76.6609 180

340.078 30.954 -36.1855
180 76.7328 180

339.5 30.954 -36.05
180 76.8047 180

338.921 30.954 -35.9151
180 76.8766 180

338.343 30.954 -35.7811
180 76.9485 180

337.764 30.954 -35.6477
180 77.0203 180

337.186 30.954 -35.5151
180 77.0922 180

336.607 30.954 -35.3832
180 77.1641 180

336.028 30.954 -35.252
180 77.236 180

335.448 30.954 -35.1215
180 77.3078 180

334.869 30.954 -34.9918
180 77.3797 180

334.289 30.954 -34.8628
180 77.4516 180

333.71 30.954 -34.7345
180 77.5235 180

333.13 30.954 -34.607
180 77.5954 180

332.55 30.954 -34.4802
180 77.6672 180

331.97 30.954 -34.3541
180 77.7391 180

331.389 30.954 -34.2287
180 77.811 180

330.809 30.954 -34.1041
180 77.8829 180

330.228 30.954 -33.9802
180 77.9547 180

329.647 30.954 -33.857
180 78.0266 180

329.066 30.954 -33.7345
180 78.0985 180

328.485 30.954 -33.6128
180 78.1704 180

327.904 30.954 -33.4918
180 78.2422 180

327.322 30.954 -33.3716
180 78.3141 180

326.741 30.954 -33.252
180 78.386 180

326.159 30.954 -33.1332
180 78.4579 180

325.577 30.954 -33.0152
180 78.5298 180

324.995 30.954 -32.8978
180 78.6016 180

324.413 30.954 -32.7812
180 78.6735 180

323.83 30.954 -32.6653
180 78.7454 180

323.248 30.954 -32.5502
180 78.8173 180

322.665 30.954 -32.4358
180 78.8892 180

322.083 30.954 -32.3221
180 78.961 180

321.5 30.954 -32.2091
180 79.0329 180

320.917 30.954 -32.0969
180 79.1048 180

320.333 30.954 -31.9854
180 79.1767 180

319.75 30.954 -31.8746
180 79.2485 180

319.167 30.954 -31.7646
180 79.3204 180

318.583 30.954 -31.6553
180 79.3923 180

317.999 30.954 -31.5467
180 79.4642 180

317.415 30.954 -31.4389
180 79.536 180

316.831 30.954 -31.3318
180 79.6079 180

316.247 30.954 -31.2254
180 79.6798 180

315.663 30.954 -31.1198
180 79.7517 180

315.079 30.954 -31.0149
180 79.8236 180

314.494 30.954 -30.9107
180 79.8955 180

313.909 30.954 -30.8073
180 79.9674 180

313.325 30.954 -30.7046
180 80.0392 180

312.74 30.954 -30.6026
180 80.1111 180

312.155 30.954 -30.5014
180 80.183 180

311.569 30.954 -30.4009
180 80.2549 180

310.984 30.954 -30.3011
180 80.3268 180

310.399 30.954 -30.2021
180 80.3987 180

309.813 30.954 -30.1038
180 80.4706 180

309.227 30.954 -30.0062
180 80.5424 180

308.642 30.954 -29.9094
180 80.6143 180

308.056 30.954 -29.8133
180 80.6862 180

307.47 30.954 -29.7179
180 80.7581 180

306.884 30.954 -29.6233
180 80.8299 180

306.297 30.954 -29.5294
180 80.9018 180

305.711 30.954 -29.4363
180 80.9737 180

305.124 30.954 -29.3438
180 81.0455 180

304.538 30.954 -29.2522
180 81.1174 180

303.951 30.954 -29.1612
180 81.1893 180

303.364 30.954 -29.071
180 81.2612 180

302.777 30.954 -28.9815
180 81.3331 180

302.19 30.954 -28.8928
180 81.405 180

301.603 30.954 -28.8048
180 81.4768 180

301.016 30.954 -28.7175
180 81.5487 180

300.428 30.954 -28.631
180 81.6206 180

299.841 30.954 -28.5452
180 81.6925 180

299.253 30.954 -28.4602
180 81.7643 180

298.665 30.954 -28.3759
180 81.8362 180

298.077 30.954 -28.2923
180 81.9081 180

297.49 30.954 -28.2094
180 81.98 180

296.901 30.954 -28.1273
180 82.0519 180

296.313 30.954 -28.046
180 82.1237 180

295.725 30.954 -27.9653
180 82.1956 180

295.137 30.954 -27.8855
180 82.2675 180

294.548 30.954 -27.8063
180 82.3394 180

293.96 30.954 -27.7279
180 82.4113 180

293.371 30.954 -27.6502
180 82.4832 180

292.782 30.954 -27.5733
180 82.555 180

292.194 30.954 -27.4971
180 82.6269 180

291.605 30.954 -27.4216
180 82.6988 180

291.016 30.954 -27.3469
180 82.7707 180

290.426 30.954 -27.2729
180 82.8426 180

289.837 30.954 -27.1997
180 82.9144 180

289.248 30.954 -27.1272
180 82.9863 180

288.659 30.954 -27.0554
180 83.0582 180

288.069 30.954 -26.9844
180 83.1301 180

287.48 30.954 -26.9141
180 83.202 180

286.89 30.954 -26.8446
180 83.2723 180

286.3 30.954 -26.7757
180 83.341 180

285.71 30.954 -26.7076
180 83.4082 180

285.12 30.954 -26.6401
180 83.4753 180

284.53 30.954 -26.5733
180 83.541 180

283.94 30.954 -26.5072
180 83.6066 180

283.352 30.954 -26.442
180 83.6722 180

282.764 30.954 -26.3774
180 83.7347 180

282.176 30.954 -26.3134
180 83.7972 180

281.587 30.954 -26.2501
180 83.8597 180

280.999 30.954 -26.1875
180 83.9222 180

280.41 30.954 -26.1255
180 83.9847 180

279.822 30.954 -26.0641
180 84.0472 180

279.233 30.954 -26.0033
180 84.1082 180

278.644 30.954 -25.9432
180 84.1692 180

278.055 30.954 -25.8837
180 84.2301 180

277.466 30.954 -25.8248
180 84.2911 180

276.878 30.954 -25.7666
180 84.3505 180

276.289 30.954 -25.7089
180 84.4099 180

275.699 30.954 -25.6519
180 84.4677 180

275.11 30.954 -25.5954
180 84.5255 180

274.521 30.954 -25.5396
180 84.5833 180

273.932 30.954 -25.4843
180 84.6395 180

273.343 30.954 -25.4296
180 84.6958 180

272.753 30.954 -25.3754
180 84.7504 180

272.164 30.954 -25.3218
180 84.8036 180

271.575 30.954 -25.2688
180 84.8567 180

270.985 30.954 -25.2162
180 84.9067 180

270.396 30.954 -25.1642
180 84.9552 180

269.806 30.954 -25.1127
180 85.0036 180

269.217 30.954 -25.0616
180 85.052 180

268.627 30.954 -25.011
180 85.0989 180

268.037 30.954 -24.961
180 85.1442 180

267.448 30.954 -24.9113
180 85.1895 180

266.858 30.954 -24.8622
180 85.2333 180

266.268 30.954 -24.8134
180 85.2754 180

265.678 30.954 -24.7651
180 85.3161 180

265.088 30.954 -24.7171
180 85.3536 180

264.499 30.954 -24.6696
180 85.3895 180

263.909 30.954 -24.6224
180 85.4239 180

263.319 30.954 -24.5755
180 85.4583 180

262.729 30.954 -24.529
180 85.4926 180

262.139 30.954 -24.4828
180 85.5254 180

261.549 30.954 -24.437
180 85.5583 180

260.959 30.954 -24.3915
180 85.591 180

260.959 30.954 -24.3915
180 85.591 180

260.959 30.954 -24.3915
180 85.591 180

260.959 30.954 -24.3915
180 85.591 180

260.959 30.954 -24.3915
180 85.591 180

260.959 30.954 -24.3915
180 85.591 180

260.959 30.954 -24.3915
180 85.591 180

260.959 30.954 -24.3915
180 85.591 180

260.959 30.954 -24.3915
180 85.591 180

260.959 30.954 -24.3915
180 85.591 180

260.959 30.954 -24.3915
180 85.591 180

260.959 30.954 -24.3915
180 85.591 180

260.959 30.954 -24.3915
180 85.591 180

260.959 30.954 -24.3915
180 85.591 180

260.959 30.954 -24.3915
180 85.591 180

260.959 30.954 -24.3915
180 85.591 180

260.959 30.954 -24.3915
180 85.591 180

260.959 30.954 -24.3915
180 85.591 180

260.959 30.954 -24.3915
180 85.591 180

260.959 30.954 -24.3915
180 85.591 180

260.959 30.954 -24.3915
180 85.591 180

260.959 30.954 -24.3915
180 85.591 180

260.959 30.954 -24.3915
180 85.591 180

260.959 30.954 -24.3915
180 85.591 180

260.959 30.954 -24.3915
180 85.591 180

260.959 30.954 -24.3915
180 85.591 180

260.959 30.954 -24.3915
180 85.591 180

260.959 30.954 -24.3915
180 85.591 180

260.959 30.954 -24.3915
180 85.591 180

260.959 30.954 -24.3915
180 85.591 180

260.959 30.954 -24.3915
180 85.591 180

260.959 30.954 -24.3915
180 85.591 180

260.959 30.954 -24.3915
180 85.591 180

260.959 30.954 -24.3915
180 85.591 180

260.959 30.954 -24.3915
180 85.591 180

260.959 30.954 -24.3915
180 85.591 180

260.959 30.954 -24.3915
180 85.591 180

260.959 30.954 -24.3915
180 85.591 180

260.959 30.954 -24.3915
180 85.591 180

260.959 30.954 -24.3915
180 85.591 180

260.959 30.954 -24.3915
180 85.591 180

260.959 30.954 -24.3915
180 85.591 180

260.959 30.954 -24.3915
180 85.591 180

260.959 30.954 -24.3915
180 85.591 180

260.959 30.954 -24.3915
180 85.591 180

260.959 30.954 -24.3915
180 85.591 180

260.959 30.954 -24.3915
180 85.591 180

260.959 30.954 -24.3915
180 85.591 180

260.959 30.954 -24.3915
180 85.591 180

260.959 30.954 -24.3915
180 85.591 180

260.959 30.954 -24.3915
180 85.591 180

260.959 30.954 -24.3915
180 85.591 180

260.959 30.954 -24.3915
180 85.591 180

260.959 30.954 -24.3915
180 85.591 180

260.959 30.954 -24.3915
180 85.591 180

260.959 30.954 -24.3915
180 85.591 180

260.959 30.954 -24.3915
180 85.591 180

260.959 30.954 -24.3915
180 85.591 180

260.959 30.954 -24.3915
180 85.591 180

260.959 30.954 -24.3915
180 85.591 180

260.959 30.954 -24.3915
180 85.591 180

260.959 30.954 -24.3915
180 85.591 180

260.959 30.954 -24.3915
180 85.591 180

260.959 30.954 -24.3915
180 85.591 180

260.959 30.954 -24.3915
180 85.591 180

260.959 30.954 -24.3915
180 85.591 180

260.959 30.954 -24.3915
180 85.591 180

260.959 30.954 -24.3915
180 85.591 180

260.959 30.954 -24.3915
180 85.591 180

260.959 30.954 -24.3915
180 85.591 180

260.959 30.954 -24.3915
180 85.591 180

260.959 30.954 -24.3915
180 85.591 180

260.959 30.954 -24.3915
180 85.591 180

260.959 30.954 -24.3915
180 85.591 180

260.959 30.954 -24.3915
180 85.591 180

260.959 30.954 -24.3915
180 85.591 180

260.959 30.954 -24.3915
180 85.591 180

260.959 30.954 -24.3915
180 85.591 180

260.959 30.954 -24.3915
180 85.591 180

260.959 30.954 -24.3915
180 85.591 180

260.959 30.954 -24.3915
180 85.591 180

260.959 30.954 -24.3915
180 85.591 180

260.959 30.954 -24.3915
180 85.591 180

260.959 30.954 -24.3915
180 85.591 180

260.959 30.954 -24.3915
180 85.591 180

260.959 30.954 -24.3915
180 85.591 180

260.959 30.954 -24.3915
180 85.591 180

260.959 30.954 -24.3915
180 85.591 180

260.959 30.954 -24.3915
180 85.591 180

260.959 30.954 -24.3915
180 85.591 180

260.959 30.954 -24.3915
180 85.591 180

260.959 30.954 -24.3915
180 85.591 180

260.959 30.954 -24.3915
180 85.591 180

260.959 30.954 -24.3915
180 85.591 180

260.959 30.954 -24.3915
180 85.591 180

260.959 30.954 -24.3915
180 85.591 180

260.959 30.954 -24.3915
180 85.591 180

260.959 30.954 -24.3915
180 85.591 180

260.959 30.954 -24.3915
180 85.591 180

260.959 30.954 -24.3915
180 85.591 180

260.959 30.954 -24.3915
180 85.591 180

260.959 30.954 -24.3915
180 85.591 180

260.959 30.954 -24.3915
180 85.591 180

260.959 30.954 -24.3915
180 85.591 180

260.959 30.954 -24.3915
180 85.591 180

260.959 30.954 -24.3915
180 85.591 180

260.959 30.954 -24.3915
180 85.591 180

260.959 30.954 -24.3915
180 85.591 180

260.959 30.954 -24.3915
180 85.591 180

260.959 30.954 -24.3915
180 85.591 180

260.959 30.954 -24.3915
180 85.591 180

260.959 30.954 -24.3915
180 85.591 180

260.959 30.954 -24.3915
180 85.591 180

260.959 30.954 -24.3915
180 85.591 180

260.959 30.954 -24.3915
180 85.591 180

260.959 30.954 -24.3915
180 85.591 180

260.959 30.954 -24.3915
180 85.591 180

260.959 30.954 -24.3915
180 85.591 180

260.959 30.954 -24.3915
180 85.591 180

260.959 30.954 -24.3915
180 85.591 180

260.959 30.954 -24.3915
180 85.591 180

260.959 30.954 -24.3915
180 85.591 180

260.959 30.954 -24.3915
180 85.591 180

260.959 30.954 -24.3915
180 85.591 180

260.959 30.954 -24.3915
180 85.591 180

260.959 30.954 -24.3915
180 85.591 180

260.959 30.954 -24.3915
180 85.591 180

260.959 30.954 -24.3915
180 85.591 180

260.959 30.954 -24.3915
180 85.591 180

260.959 30.954 -24.3915
180 85.591 180

260.959 30.954 -24.3915
180 85.591 180

260.959 30.954 -24.3915
180 85.591 180

260.959 30.954 -24.3915
180 85.591 180

260.959 30.954 -24.3915
180 85.591 180

260.959 30.954 -24.3915
180 85.591 180

260.959 30.954 -24.3915
180 85.591 180

260.959 30.954 -24.3915
180 85.591 180

260.959 30.954 -24.3915
180 85.591 180

260.959 30.954 -24.3915
180 85.591 180

260.959 30.954 -24.3915
180 85.591 180

260.959 30.954 -24.3915
180 85.591 180

260.959 30.954 -24.3915
180 85.591 180

260.959 30.954 -24.3915
180 85.591 180

260.959 30.954 -24.3915
180 85.591 180

260.959 30.954 -24.3915
180 85.591 180

260.959 30.954 -24.3915
180 85.591 180

260.959 30.954 -24.3915
180 85.591 180

260.959 30.954 -24.3915
180 85.591 180

260.959 30.954 -24.3915
180 85.591 180

260.959 30.954 -24.3915
180 85.591 180

260.959 30.954 -24.3915
180 85.591 180

260.959 30.954 -24.3915
180 85.591 180

260.959 30.954 -24.3915
180 85.591 180

260.959 30.954 -24.3915
180 85.591 180

260.959 30.954 -24.3915
180 85.591 180

260.959 30.954 -24.3915
180 85.591 180

260.959 30.954 -24.3915
180 85.591 180

260.959 30.954 -24.3915
180 85.591 180

260.959 30.954 -24.3915
180 85.591 180

260.959 30.954 -24.3915
180 85.591 180

260.959 30.954 -24.3915
180 85.591 180

260.959 30.954 -24.3915
180 85.591 180

260.959 30.954 -24.3915
180 85.591 180

260.959 30.954 -24.3915
180 85.591 180

260.959 30.954 -24.3915
180 85.591 180

260.959 30.954 -24.3915
180 85.591 180

260.959 30.954 -24.3915
180 85.591 180

260.959 30.954 -24.3915
180 85.591 180

