1605 112.213 30.954 -386.907
4.94328e-008 358.712 1.00396e-010

112.213 30.954 -386.907
4.94328e-008 358.712 1.00396e-010

112.213 30.954 -386.907
4.94328e-008 358.712 1.00396e-010

112.213 30.954 -386.907
4.94328e-008 358.712 1.00396e-010

112.213 30.954 -386.907
4.94328e-008 358.712 1.00396e-010

112.213 30.954 -386.907
4.94328e-008 358.712 1.00396e-010

112.213 30.954 -386.907
4.94328e-008 358.712 1.00396e-010

112.213 30.954 -386.907
4.94328e-008 358.712 1.00396e-010

112.213 30.954 -386.907
4.94328e-008 358.712 1.00396e-010

112.213 30.954 -386.907
4.94328e-008 358.712 1.00396e-010

112.213 30.954 -386.907
4.94328e-008 358.712 1.00396e-010

112.213 30.954 -386.907
4.94328e-008 358.712 1.00396e-010

112.213 30.954 -386.907
4.94328e-008 358.712 1.00396e-010

112.213 30.954 -386.907
4.94328e-008 358.712 1.00396e-010

112.213 30.954 -386.907
4.94328e-008 358.712 1.00396e-010

112.213 30.954 -386.907
4.94328e-008 358.712 1.00396e-010

112.213 30.954 -386.907
4.94328e-008 358.712 1.00396e-010

112.213 30.954 -386.907
4.94328e-008 358.712 1.00396e-010

112.213 30.954 -386.907
4.94328e-008 358.712 1.00396e-010

112.213 30.954 -386.907
4.94328e-008 358.712 1.00396e-010

112.213 30.954 -386.907
4.94328e-008 358.712 1.00396e-010

112.213 30.954 -386.907
4.94328e-008 358.712 1.00396e-010

112.213 30.954 -386.907
4.94328e-008 358.712 1.00396e-010

112.213 30.954 -386.907
4.94328e-008 358.712 1.00396e-010

112.213 30.954 -386.907
4.94328e-008 358.712 1.00396e-010

112.213 30.954 -386.907
4.94328e-008 358.712 1.00396e-010

112.213 30.954 -386.907
4.94328e-008 358.712 1.00396e-010

112.213 30.954 -386.907
4.94328e-008 358.712 1.00396e-010

112.213 30.954 -386.907
4.94328e-008 358.712 1.00396e-010

112.213 30.954 -386.907
4.94328e-008 358.712 1.00396e-010

112.213 30.954 -386.907
4.94328e-008 358.712 1.00396e-010

112.213 30.954 -386.907
4.94328e-008 358.712 1.00396e-010

112.213 30.954 -386.907
4.94328e-008 358.712 1.00396e-010

112.213 30.954 -386.907
4.94328e-008 358.712 1.00396e-010

112.213 30.954 -386.907
4.94328e-008 358.712 1.00396e-010

112.213 30.954 -386.907
4.94328e-008 358.712 1.00396e-010

112.213 30.954 -386.907
4.94328e-008 358.712 1.00396e-010

112.213 30.954 -386.907
4.94328e-008 358.712 1.00396e-010

112.213 30.954 -386.907
4.94328e-008 358.712 1.00396e-010

112.213 30.954 -386.907
4.94328e-008 358.712 1.00396e-010

112.213 30.954 -386.907
4.94328e-008 358.712 1.00396e-010

112.213 30.954 -386.907
4.94328e-008 358.712 1.00396e-010

112.213 30.954 -386.907
4.94328e-008 358.712 1.00396e-010

112.213 30.954 -386.907
4.94328e-008 358.712 1.00396e-010

112.213 30.954 -386.907
4.94328e-008 358.712 1.00396e-010

112.213 30.954 -386.907
4.94328e-008 358.712 1.00396e-010

112.213 30.954 -386.907
4.94328e-008 358.712 1.00396e-010

112.213 30.954 -386.907
4.94328e-008 358.712 1.00396e-010

112.213 30.954 -386.907
4.94328e-008 358.712 1.00396e-010

112.213 30.954 -386.907
4.94328e-008 358.712 1.00396e-010

112.213 30.954 -386.907
4.94328e-008 358.712 1.00396e-010

112.213 30.954 -386.907
4.94328e-008 358.712 1.00396e-010

112.213 30.954 -386.907
4.94328e-008 358.712 1.00396e-010

112.213 30.954 -386.907
4.94328e-008 358.712 1.00396e-010

112.213 30.954 -386.907
4.94328e-008 358.712 1.00396e-010

112.213 30.954 -386.907
4.94328e-008 358.712 1.00396e-010

112.213 30.954 -386.907
4.94328e-008 358.712 1.00396e-010

112.213 30.954 -386.907
4.94328e-008 358.712 1.00396e-010

112.213 30.954 -386.907
4.94328e-008 358.712 1.00396e-010

112.213 30.954 -386.907
4.94328e-008 358.712 1.00396e-010

112.213 30.954 -386.907
4.94328e-008 358.712 1.00396e-010

112.213 30.954 -386.907
4.94328e-008 358.712 1.00396e-010

112.213 30.954 -386.907
4.94328e-008 358.712 1.00396e-010

112.213 30.954 -386.907
4.94328e-008 358.712 1.00396e-010

112.213 30.954 -386.907
4.94328e-008 358.712 1.00396e-010

112.213 30.954 -386.907
4.94328e-008 358.712 1.00396e-010

112.213 30.954 -386.907
4.94328e-008 358.712 1.00396e-010

112.213 30.954 -386.907
4.94328e-008 358.712 1.00396e-010

112.213 30.954 -386.907
4.94328e-008 358.712 1.00396e-010

112.213 30.954 -386.907
4.94328e-008 358.712 1.00396e-010

112.213 30.954 -386.907
4.94328e-008 358.712 1.00396e-010

112.213 30.954 -386.907
4.94328e-008 358.712 1.00396e-010

112.213 30.954 -386.907
4.94328e-008 358.712 1.00396e-010

112.213 30.954 -386.907
4.94328e-008 358.712 1.00396e-010

112.213 30.954 -386.907
4.94328e-008 358.712 1.00396e-010

112.213 30.954 -386.907
4.94328e-008 358.712 1.00396e-010

112.213 30.954 -386.907
4.94328e-008 358.712 1.00396e-010

112.213 30.954 -386.907
4.94328e-008 358.712 1.00396e-010

112.216 30.954 -387.083
4.94325e-008 358.887 1.0039e-010

112.219 30.954 -387.259
4.94322e-008 359.076 1.00384e-010

112.221 30.954 -387.434
4.94318e-008 359.268 1.00379e-010

112.223 30.954 -387.61
4.94315e-008 359.479 1.00375e-010

112.224 30.954 -387.786
4.94311e-008 359.699 1.00372e-010

112.224 30.954 -387.962
4.94307e-008 359.931 1.00371e-010

112.224 30.954 -388.137
4.94302e-008 0.169818 1.00371e-010

112.222 30.954 -388.313
4.94298e-008 0.419818 1.00373e-010

112.22 30.954 -388.489
4.94294e-008 0.677631 1.00378e-010

112.217 30.954 -388.665
4.94289e-008 0.946381 1.00384e-010

112.214 30.954 -388.84
4.94284e-008 1.22294 1.00394e-010

112.209 30.954 -389.016
4.94279e-008 1.51044 1.00406e-010

112.204 30.954 -389.192
4.94274e-008 1.80888 1.00421e-010

112.197 30.954 -389.368
4.94268e-008 2.11513 1.00439e-010

112.19 30.954 -389.539
4.94263e-008 2.43232 1.00461e-010

112.182 30.954 -389.709
4.94257e-008 2.76201 1.00487e-010

112.172 30.954 -389.879
4.94251e-008 3.10263 1.00518e-010

112.162 30.954 -390.046
4.94245e-008 3.44794 1.00553e-010

112.151 30.954 -390.212
4.94239e-008 3.80263 1.00592e-010

112.139 30.954 -390.378
4.94232e-008 4.16513 1.00636e-010

112.126 30.954 -390.539
4.94226e-008 4.53544 1.00686e-010

112.113 30.954 -390.697
4.94219e-008 4.91513 1.00741e-010

112.099 30.954 -390.85
4.94212e-008 5.30263 1.00802e-010

112.083 30.954 -391.004
4.94205e-008 5.70107 1.0087e-010

112.067 30.954 -391.155
4.94198e-008 6.10732 1.00944e-010

112.05 30.954 -391.305
4.94191e-008 6.52138 1.01024e-010

112.032 30.954 -391.454
4.94183e-008 6.94482 1.01113e-010

112.013 30.954 -391.601
4.94176e-008 7.37763 1.01209e-010

111.993 30.954 -391.745
4.94168e-008 7.82138 1.01313e-010

111.973 30.954 -391.882
4.9416e-008 8.27295 1.01426e-010

111.952 30.954 -392.017
4.94151e-008 8.73388 1.01548e-010

111.93 30.954 -392.152
4.94143e-008 9.19951 1.01678e-010

111.908 30.954 -392.285
4.94134e-008 9.67138 1.01818e-010

111.884 30.954 -392.417
4.94126e-008 10.1479 1.01966e-010

111.859 30.954 -392.55
4.94117e-008 10.6292 1.02123e-010

111.834 30.954 -392.68
4.94108e-008 11.1151 1.02289e-010

111.807 30.954 -392.808
4.94099e-008 11.6073 1.02466e-010

111.78 30.954 -392.936
4.9409e-008 12.1042 1.02653e-010

111.751 30.954 -393.064
4.94081e-008 12.6073 1.02851e-010

111.722 30.954 -393.191
4.94072e-008 13.1167 1.03059e-010

111.691 30.954 -393.319
4.94062e-008 13.6308 1.0328e-010

111.659 30.954 -393.445
4.94052e-008 14.1479 1.0351e-010

111.626 30.954 -393.572
4.94043e-008 14.6729 1.03754e-010

111.591 30.954 -393.698
4.94033e-008 15.2026 1.04011e-010

111.556 30.954 -393.824
4.94023e-008 15.7354 1.04279e-010

111.519 30.954 -393.95
4.94012e-008 16.2729 1.0456e-010

111.482 30.954 -394.073
4.94002e-008 16.8167 1.04855e-010

111.444 30.954 -394.194
4.93992e-008 17.3667 1.05165e-010

111.405 30.954 -394.315
4.93981e-008 17.9198 1.05488e-010

111.365 30.954 -394.436
4.9397e-008 18.4761 1.05825e-010

111.324 30.954 -394.554
4.93959e-008 19.0354 1.06177e-010

111.282 30.954 -394.672
4.93948e-008 19.5995 1.06544e-010

111.24 30.954 -394.787
4.93937e-008 20.173 1.0693e-010

111.197 30.954 -394.899
4.93925e-008 20.7511 1.07334e-010

111.154 30.954 -395.009
4.93913e-008 21.3355 1.07756e-010

111.11 30.954 -395.118
4.93901e-008 21.923 1.08195e-010

111.065 30.954 -395.226
4.93889e-008 22.5136 1.08651e-010

111.019 30.954 -395.334
4.93877e-008 23.1089 1.09127e-010

110.972 30.954 -395.442
4.93865e-008 23.7058 1.0962e-010

110.924 30.954 -395.548
4.93852e-008 24.3058 1.10133e-010

110.873 30.954 -395.658
4.93839e-008 24.9089 1.10665e-010

110.821 30.954 -395.767
4.93826e-008 25.5167 1.11219e-010

110.768 30.954 -395.876
4.93813e-008 26.1276 1.11794e-010

110.711 30.954 -395.988
4.938e-008 26.7417 1.12392e-010

110.652 30.954 -396.102
4.93786e-008 27.362 1.13015e-010

110.592 30.954 -396.216
4.93772e-008 27.9855 1.13662e-010

110.53 30.954 -396.329
4.93758e-008 28.612 1.14333e-010

110.465 30.954 -396.445
4.93744e-008 29.2401 1.15028e-010

110.399 30.954 -396.56
4.93729e-008 29.873 1.1575e-010

110.331 30.954 -396.675
4.93714e-008 30.5073 1.16498e-010

110.263 30.954 -396.788
4.93699e-008 31.1448 1.17274e-010

110.193 30.954 -396.901
4.93683e-008 31.7839 1.18078e-010

110.119 30.954 -397.017
4.93668e-008 32.423 1.18907e-010

110.045 30.954 -397.131
4.93652e-008 33.0651 1.19767e-010

109.969 30.954 -397.245
4.93636e-008 33.7089 1.20657e-010

109.89 30.954 -397.361
4.93619e-008 34.3542 1.21578e-010

109.807 30.954 -397.48
4.93602e-008 35.0042 1.22536e-010

109.722 30.954 -397.597
4.93585e-008 35.6558 1.23528e-010

109.637 30.954 -397.713
4.93568e-008 36.3089 1.24555e-010

109.548 30.954 -397.832
4.9355e-008 36.9636 1.25618e-010

109.457 30.954 -397.95
4.93532e-008 37.6214 1.26721e-010

109.363 30.954 -398.069
4.93513e-008 38.2839 1.27869e-010

109.264 30.954 -398.191
4.93494e-008 38.9479 1.29058e-010

109.165 30.954 -398.311
4.93475e-008 39.6167 1.30296e-010

109.061 30.954 -398.433
4.93455e-008 40.287 1.31579e-010

108.954 30.954 -398.557
4.93434e-008 40.9589 1.3291e-010

108.845 30.954 -398.68
4.93413e-008 41.6339 1.34292e-010

108.732 30.954 -398.804
4.93392e-008 42.3104 1.35726e-010

108.613 30.954 -398.931
4.9337e-008 42.9901 1.37218e-010

108.49 30.954 -399.06
4.93347e-008 43.6729 1.38769e-010

108.363 30.954 -399.189
4.93324e-008 44.3604 1.40387e-010

108.232 30.954 -399.321
4.933e-008 45.0495 1.42068e-010

108.099 30.954 -399.45
4.93275e-008 45.7417 1.43819e-010

107.962 30.954 -399.581
4.9325e-008 46.437 1.45644e-010

107.82 30.954 -399.712
4.93224e-008 47.1354 1.47546e-010

107.674 30.954 -399.845
4.93197e-008 47.8354 1.49525e-010

107.523 30.954 -399.978
4.93169e-008 48.5386 1.51591e-010

107.368 30.954 -400.112
4.93141e-008 49.2433 1.53743e-010

107.211 30.954 -400.244
4.93111e-008 49.9511 1.5599e-010

107.049 30.954 -400.376
4.93081e-008 50.662 1.5834e-010

106.883 30.954 -400.509
4.93049e-008 51.3745 1.60792e-010

106.715 30.954 -400.64
4.93017e-008 52.0886 1.63353e-010

106.542 30.954 -400.771
4.92983e-008 52.8026 1.66022e-010

106.365 30.954 -400.902
4.92948e-008 53.5198 1.6882e-010

106.182 30.954 -401.033
4.92912e-008 54.2401 1.71753e-010

105.995 30.954 -401.164
4.92874e-008 54.9651 1.74839e-010

105.805 30.954 -401.294
4.92834e-008 55.6917 1.78074e-010

105.611 30.954 -401.423
4.92794e-008 56.4183 1.81461e-010

105.413 30.954 -401.551
4.92751e-008 57.1479 1.85025e-010

105.211 30.954 -401.678
4.92706e-008 57.8808 1.88779e-010

105.004 30.954 -401.804
4.9266e-008 58.6136 1.92721e-010

104.796 30.954 -401.927
4.92612e-008 59.3464 1.96865e-010

104.584 30.954 -402.049
4.92561e-008 60.0823 2.01243e-010

104.368 30.954 -402.17
4.92508e-008 60.8183 2.05854e-010

104.148 30.954 -402.289
4.92453e-008 61.5542 2.10718e-010

103.925 30.954 -402.406
4.92394e-008 62.2933 2.15876e-010

103.695 30.954 -402.523
4.92333e-008 63.0323 2.21331e-010

103.464 30.954 -402.637
4.92268e-008 63.7714 2.27107e-010

103.229 30.954 -402.749
4.922e-008 64.5105 2.33232e-010

102.992 30.954 -402.859
4.92128e-008 65.2526 2.39767e-010

102.753 30.954 -402.965
4.92052e-008 65.9948 2.46721e-010

102.51 30.954 -403.069
4.91971e-008 66.737 2.54134e-010

102.265 30.954 -403.171
4.91885e-008 67.4792 2.62052e-010

102.018 30.954 -403.27
4.91793e-008 68.2214 2.70526e-010

101.765 30.954 -403.367
4.91696e-008 68.9636 2.79614e-010

101.508 30.954 -403.462
4.91591e-008 69.7089 2.89428e-010

101.247 30.954 -403.555
4.91478e-008 70.4542 3.00008e-010

100.985 30.954 -403.644
4.91357e-008 71.1995 3.11446e-010

100.719 30.954 -403.73
4.91226e-008 71.9448 3.23847e-010

100.45 30.954 -403.814
4.91085e-008 72.6901 3.37336e-010

100.175 30.954 -403.896
4.90931e-008 73.4355 3.5206e-010

99.8953 30.954 -403.975
4.90763e-008 74.1808 3.68193e-010

99.6105 30.954 -404.052
4.90579e-008 74.9245 3.85906e-010

99.321 30.954 -404.126
4.90377e-008 75.6683 4.0548e-010

99.0267 30.954 -404.197
4.90153e-008 76.4105 4.27174e-010

98.7297 30.954 -404.265
4.89905e-008 77.1511 4.51346e-010

98.4241 30.954 -404.331
4.89627e-008 77.8901 4.78442e-010

98.1139 30.954 -404.393
4.89314e-008 78.6292 5.09089e-010

97.7991 30.954 -404.452
4.8896e-008 79.3651 5.4387e-010

97.4759 30.954 -404.508
4.88555e-008 80.0995 5.83763e-010

97.1442 30.954 -404.562
4.88086e-008 80.8323 6.29978e-010

96.8042 30.954 -404.612
4.87542e-008 81.5589 6.83758e-010

96.4578 30.954 -404.659
4.86899e-008 82.2824 7.47408e-010

96.0991 30.954 -404.703
4.86131e-008 82.9995 8.23537e-010

95.7283 30.954 -404.744
4.85203e-008 83.7074 9.15733e-010

95.3473 30.954 -404.782
4.84047e-008 84.412 1.03078e-009

94.9581 30.954 -404.815
4.82572e-008 85.1105 1.17758e-009

94.5608 30.954 -404.844
4.80624e-008 85.8042 1.37185e-009

94.1514 30.954 -404.869
4.77934e-008 86.4917 1.64024e-009

93.7378 30.954 -404.889
4.73968e-008 87.1746 2.03618e-009

93.3162 30.954 -404.905
4.67537e-008 87.8527 2.67875e-009

92.8867 30.954 -404.916
4.55254e-008 88.5277 3.90638e-009

92.4531 30.954 -404.922
4.22325e-008 89.2011 7.19873e-009

92.0156 30.954 -404.923
0 89.8718 4.94306e-008

91.5723 30.954 -404.919
180 89.46 180

91.1271 30.954 -404.91
180 88.7929 180

90.6762 30.954 -404.895
180 88.1273 180

90.2215 30.954 -404.875
180 87.4632 180

89.7633 30.954 -404.849
180 86.8007 180

89.2995 30.954 -404.818
180 86.1381 180

88.8302 30.954 -404.781
180 85.4772 180

88.3576 30.954 -404.738
180 84.8194 180

87.8796 30.954 -404.689
180 84.1632 180

87.3983 30.954 -404.634
180 83.51 180

86.9138 30.954 -404.574
180 82.86 180

86.4223 30.954 -404.507
180 82.2116 180

85.9277 30.954 -404.433
180 81.5663 180

85.4262 30.954 -404.353
180 80.9241 180

84.9219 30.954 -404.267
180 80.2851 180

84.4146 30.954 -404.174
180 79.6491 180

83.9027 30.954 -404.075
180 79.0148 180

83.3881 30.954 -403.969
180 78.382 180

82.8708 30.954 -403.857
180 77.7507 180

82.3491 30.954 -403.737
180 77.121 180

81.825 30.954 -403.611
180 76.4945 180

81.3003 30.954 -403.479
180 75.8679 180

80.7772 30.954 -403.341
180 75.2429 180

80.2518 30.954 -403.197
180 74.6179 180

79.7242 30.954 -403.046
180 73.9945 180

79.1946 30.954 -402.887
180 73.3726 180

78.6667 30.954 -402.724
180 72.7523 180

78.1369 30.954 -402.553
180 72.1335 180

77.6053 30.954 -402.375
180 71.5179 180

77.0719 30.954 -402.19
180 70.9039 180

76.5368 30.954 -401.999
180 70.2913 180

75.9965 30.954 -401.799
180 69.682 180

75.4547 30.954 -401.592
180 69.0757 180

74.9133 30.954 -401.378
180 68.4726 180

74.3705 30.954 -401.157
180 67.8726 180

73.8264 30.954 -400.929
180 67.2742 180

73.2812 30.954 -400.694
180 66.6773 180

72.7348 30.954 -400.452
180 66.082 180

72.191 30.954 -400.204
180 65.4898 180

71.6463 30.954 -399.949
180 64.8992 180

71.1007 30.954 -399.686
180 64.3117 180

70.5577 30.954 -399.418
180 63.7273 180

70.0141 30.954 -399.143
180 63.1445 180

69.4733 30.954 -398.862
180 62.5648 180

68.9318 30.954 -398.574
180 61.9851 180

68.3933 30.954 -398.281
180 61.407 180

67.8578 30.954 -397.982
180 60.8304 180

67.322 30.954 -397.676
180 60.2554 180

66.7892 30.954 -397.364
180 59.682 180

66.2596 30.954 -397.047
180 59.1101 180

65.7298 30.954 -396.723
180 58.5398 180

65.2032 30.954 -396.394
180 57.9711 180

64.6767 30.954 -396.057
180 57.4039 180

64.1534 30.954 -395.715
180 56.8398 180

63.6303 30.954 -395.366
180 56.2789 180

63.1074 30.954 -395.01
180 55.7211 180

62.5848 30.954 -394.646
180 55.1648 180

62.0657 30.954 -394.277
180 54.6117 180

61.5502 30.954 -393.903
180 54.0617 180

61.0352 30.954 -393.522
180 53.5132 180

60.5238 30.954 -393.137
180 52.9679 180

60.0129 30.954 -392.744
180 52.4242 180

59.5028 30.954 -392.343
180 51.8836 180

58.9964 30.954 -391.938
180 51.3461 180

58.4908 30.954 -391.526
180 50.8101 180

57.986 30.954 -391.107
180 50.2773 180

57.4852 30.954 -390.683
180 49.7476 180

56.9853 30.954 -390.251
180 49.2211 180

56.4864 30.954 -389.813
180 48.6976 180

55.9916 30.954 -389.37
180 48.1773 180

55.5007 30.954 -388.923
180 47.6601 180

55.011 30.954 -388.469
180 47.1492 180

54.5253 30.954 -388.01
180 46.6414 180

54.0409 30.954 -387.545
180 46.1383 180

53.5606 30.954 -387.075
180 45.6383 180

53.0843 30.954 -386.601
180 45.1429 180

52.6093 30.954 -386.12
180 44.6539 180

52.1384 30.954 -385.636
180 44.1711 180

51.6689 30.954 -385.144
180 43.6961 180

51.2007 30.954 -384.646
180 43.2304 180

50.7365 30.954 -384.144
180 42.7726 180

50.2735 30.954 -383.636
180 42.3257 180

49.8119 30.954 -383.121
180 41.8867 180

49.3542 30.954 -382.603
180 41.4554 180

48.8977 30.954 -382.079
180 41.0336 180

48.4425 30.954 -381.548
180 40.6164 180

47.9911 30.954 -381.014
180 40.2101 180

47.541 30.954 -380.474
180 39.807 180

47.0945 30.954 -379.93
180 39.4117 180

46.6494 30.954 -379.381
180 39.0226 180

46.2055 30.954 -378.826
180 38.6398 180

45.7652 30.954 -378.268
180 38.2664 180

45.3261 30.954 -377.704
180 37.8976 180

44.8881 30.954 -377.134
180 37.5382 180

44.4537 30.954 -376.561
180 37.1867 180

44.0204 30.954 -375.983
180 36.8398 180

43.5906 30.954 -375.402
180 36.5007 180

43.1618 30.954 -374.815
180 36.1679 180

42.7364 30.954 -374.226
180 35.8414 180

42.312 30.954 -373.632
180 35.5179 180

41.8909 30.954 -373.035
180 35.2007 180

41.4709 30.954 -372.432
180 34.8867 180

41.0541 30.954 -371.828
180 34.5757 180

40.6406 30.954 -371.221
180 34.2695 180

40.2281 30.954 -370.609
180 33.9695 180

39.8187 30.954 -369.994
180 33.6758 180

39.4125 30.954 -369.378
180 33.3867 180

39.0093 30.954 -368.759
180 33.1008 180

38.6091 30.954 -368.139
180 32.8226 180

38.2119 30.954 -367.517
180 32.5508 180

37.8175 30.954 -366.892
180 32.2851 180

37.426 30.954 -366.267
180 32.0242 180

37.0373 30.954 -365.639
180 31.7711 180

36.6513 30.954 -365.01
180 31.5242 180

36.2689 30.954 -364.38
180 31.2851 180

35.89 30.954 -363.751
180 31.0586 180

35.5145 30.954 -363.122
180 30.8429 180

35.1423 30.954 -362.494
180 30.6351 180

34.7722 30.954 -361.864
180 30.4382 180

34.4052 30.954 -361.235
180 30.2523 180

34.0411 30.954 -360.606
180 30.0789 180

33.6797 30.954 -359.978
180 29.9164 180

33.3199 30.954 -359.349
180 29.7679 180

32.9617 30.954 -358.719
180 29.6304 180

32.6048 30.954 -358.088
180 29.5023 180

32.2493 30.954 -357.457
180 29.3851 180

31.8949 30.954 -356.825
180 29.282 180

31.5414 30.954 -356.193
180 29.1961 180

31.1887 30.954 -355.56
180 29.1242 180

30.8367 30.954 -354.926
180 29.0617 180

30.4853 30.954 -354.292
180 29.0101 180

30.1344 30.954 -353.658
180 28.9695 180

29.7838 30.954 -353.024
180 28.9367 180

29.4334 30.954 -352.39
180 28.9148 180

29.0832 30.954 -351.756
180 28.9008 180

28.7331 30.954 -351.121
180 28.893 180

28.383 30.954 -350.487
180 28.893 180

28.0328 30.954 -349.853
180 28.9039 180

27.6823 30.954 -349.218
180 28.9226 180

27.3316 30.954 -348.584
180 28.9508 180

26.9804 30.954 -347.95
180 28.9867 180

26.6288 30.954 -347.317
180 29.0289 180

26.2767 30.954 -346.684
180 29.0758 180

25.9239 30.954 -346.051
180 29.1305 180

25.5705 30.954 -345.418
180 29.1914 180

25.2164 30.954 -344.786
180 29.257 180

24.8624 30.954 -344.156
180 29.3273 180

24.5076 30.954 -343.526
180 29.4023 180

24.152 30.954 -342.897
180 29.4836 180

23.7963 30.954 -342.27
180 29.5695 180

23.4406 30.954 -341.646
180 29.6617 180

23.0839 30.954 -341.022
180 29.7586 180

22.727 30.954 -340.4
180 29.8617 180

22.3699 30.954 -339.781
180 29.9695 180

22.0116 30.954 -339.162
180 30.0836 180

21.6539 30.954 -338.548
180 30.2008 180

21.296 30.954 -337.936
180 30.3258 180

20.9386 30.954 -337.328
180 30.457 180

20.5807 30.954 -336.723
180 30.5961 180

20.2233 30.954 -336.122
180 30.743 180

19.8652 30.954 -335.524
180 30.8961 180

19.5065 30.954 -334.928
180 31.0555 180

19.1482 30.954 -334.337
180 31.2195 180

18.7901 30.954 -333.75
180 31.3898 180

18.4322 30.954 -333.167
180 31.5695 180

18.0734 30.954 -332.588
180 31.757 180

17.7137 30.954 -332.011
180 31.9508 180

17.3531 30.954 -331.437
180 32.1508 180

16.9914 30.954 -330.866
180 32.3539 180

16.6288 30.954 -330.299
180 32.5633 180

16.2651 30.954 -329.734
180 32.7758 180

15.8992 30.954 -329.17
180 32.9914 180

15.5323 30.954 -328.61
180 33.2117 180

15.1642 30.954 -328.052
180 33.4351 180

14.794 30.954 -327.496
180 33.6601 180

14.4216 30.954 -326.942
180 33.8867 180

14.048 30.954 -326.39
180 34.1164 180

13.6722 30.954 -325.84
180 34.3492 180

13.2953 30.954 -325.294
180 34.5836 180

12.9161 30.954 -324.749
180 34.8211 180

12.5357 30.954 -324.207
180 35.0617 180

12.1542 30.954 -323.668
180 35.3039 180

11.7716 30.954 -323.132
180 35.5476 180

11.3866 30.954 -322.598
180 35.7945 180

11.0005 30.954 -322.068
180 36.0445 180

10.6143 30.954 -321.542
180 36.2976 180

10.2269 30.954 -321.02
180 36.5554 180

9.83832 30.954 -320.501
180 36.8179 180

9.44965 30.954 -319.986
180 37.0867 180

9.05973 30.954 -319.476
180 37.3586 180

8.66737 30.954 -318.967
180 37.6336 180

8.27372 30.954 -318.461
180 37.9132 180

7.87878 30.954 -317.959
180 38.1976 180

7.48255 30.954 -317.461
180 38.4851 180

7.08501 30.954 -316.966
180 38.7758 180

6.68494 30.954 -316.473
180 39.0695 180

6.28477 30.954 -315.986
180 39.3695 180

5.88203 30.954 -315.5
180 39.6726 180

5.47797 30.954 -315.018
180 39.9773 180

5.07259 30.954 -314.54
180 40.2851 180

4.66463 30.954 -314.064
180 40.5945 180

4.25537 30.954 -313.591
180 40.9054 180

3.84353 30.954 -313.121
180 41.2195 180

3.4304 30.954 -312.655
180 41.5351 180

3.0147 30.954 -312.191
180 41.8523 180

2.59642 30.954 -311.729
180 42.1711 180

2.17556 30.954 -311.27
180 42.4914 180

1.75346 30.954 -310.814
180 42.8133 180

1.33013 30.954 -310.362
180 43.1367 180

0.904238 30.954 -309.913
180 43.4617 180

0.475808 30.954 -309.466
180 43.7867 180

0.0448369 30.954 -309.021
180 44.1133 180

-0.387305 30.954 -308.581
180 44.4414 180

-0.821963 30.954 -308.142
180 44.7695 180

-1.25915 30.954 -307.707
180 45.1008 180

-1.69745 30.954 -307.275
180 45.432 180

-2.13826 30.954 -306.846
180 45.7648 180

-2.58156 30.954 -306.419
180 46.0992 180

-3.02734 30.954 -305.995
180 46.4336 180

-3.47561 30.954 -305.574
180 46.7695 180

-3.92633 30.954 -305.155
180 47.1055 180

-4.3795 30.954 -304.739
180 47.4414 180

-4.83367 30.954 -304.327
180 47.7789 180

-5.29026 30.954 -303.918
180 48.1164 180

-5.74926 30.954 -303.511
180 48.4539 180

-6.21064 30.954 -303.107
180 48.7914 180

-6.67439 30.954 -302.705
180 49.1289 180

-7.1405 30.954 -302.307
180 49.4664 180

-7.60897 30.954 -301.911
180 49.807 180

-8.0783 30.954 -301.519
180 50.1492 180

-8.54846 30.954 -301.132
180 50.493 180

-9.02095 30.954 -300.747
180 50.8383 180

-9.49577 30.954 -300.365
180 51.1867 180

-9.9729 30.954 -299.986
180 51.5352 180

-10.4508 30.954 -299.611
180 51.8836 180

-10.931 30.954 -299.239
180 52.232 180

-11.4134 30.954 -298.87
180 52.5805 180

-11.898 30.954 -298.504
180 52.9289 180

-12.3849 30.954 -298.14
180 53.2774 180

-12.874 30.954 -297.78
180 53.6258 180

-13.3652 30.954 -297.423
180 53.9742 180

-13.8587 30.954 -297.069
180 54.3227 180

-14.3542 30.954 -296.717
180 54.6711 180

-14.8519 30.954 -296.369
180 55.0196 180

-15.3517 30.954 -296.024
180 55.368 180

-15.8536 30.954 -295.682
180 55.7164 180

-16.3576 30.954 -295.343
180 56.0649 180

-16.8636 30.954 -295.007
180 56.4133 180

-17.3716 30.954 -294.674
180 56.7617 180

-17.8817 30.954 -294.344
180 57.1102 180

-18.3937 30.954 -294.017
180 57.4586 180

-18.9078 30.954 -293.694
180 57.8071 180

-19.4238 30.954 -293.373
180 58.1555 180

-19.9417 30.954 -293.056
180 58.5039 180

-20.4615 30.954 -292.742
180 58.8524 180

-20.9833 30.954 -292.431
180 59.2008 180

-21.5069 30.954 -292.123
180 59.5493 180

-22.0324 30.954 -291.818
180 59.8977 180

-22.5598 30.954 -291.517
180 60.2461 180

-23.0889 30.954 -291.218
180 60.5946 180

-23.6199 30.954 -290.923
180 60.943 180

-24.1527 30.954 -290.632
180 61.2915 180

-24.6872 30.954 -290.343
180 61.6399 180

-25.2235 30.954 -290.058
180 61.9884 180

-25.7614 30.954 -289.776
180 62.3368 180

-26.3011 30.954 -289.497
180 62.6852 180

-26.8425 30.954 -289.222
180 63.0337 180

-27.3856 30.954 -288.949
180 63.3821 180

-27.9303 30.954 -288.681
180 63.7305 180

-28.4766 30.954 -288.415
180 64.079 180

-29.0245 30.954 -288.153
180 64.4274 180

-29.574 30.954 -287.894
180 64.7759 180

-30.1251 30.954 -287.638
180 65.1243 180

-30.6777 30.954 -287.386
180 65.4728 180

-31.2318 30.954 -287.137
180 65.8212 180

-31.7874 30.954 -286.892
180 66.1696 180

-32.3446 30.954 -286.65
180 66.5181 180

-32.9031 30.954 -286.411
180 66.8665 180

-33.4632 30.954 -286.176
180 67.215 180

-34.0246 30.954 -285.944
180 67.5634 180

-34.5874 30.954 -285.716
180 67.9118 180

-35.1517 30.954 -285.491
180 68.2603 180

-35.7172 30.954 -285.269
180 68.6087 180

-36.2841 30.954 -285.051
180 68.9572 180

-36.8524 30.954 -284.837
180 69.3056 180

-37.4219 30.954 -284.625
180 69.6541 180

-37.9927 30.954 -284.418
180 70.0025 180

-38.5648 30.954 -284.213
180 70.3509 180

-39.138 30.954 -284.013
180 70.6994 180

-39.7125 30.954 -283.815
180 71.0478 180

-40.2882 30.954 -283.622
180 71.3962 180

-40.8651 30.954 -283.431
180 71.7447 180

-41.4431 30.954 -283.245
180 72.0931 180

-42.0222 30.954 -283.061
180 72.4416 180

-42.6024 30.954 -282.882
180 72.79 180

-43.1837 30.954 -282.705
180 73.1384 180

-43.7661 30.954 -282.533
180 73.4869 180

-44.3495 30.954 -282.364
180 73.8353 180

-44.9339 30.954 -282.198
180 74.1838 180

-45.5193 30.954 -282.036
180 74.5322 180

-46.1057 30.954 -281.878
180 74.8806 180

-46.6931 30.954 -281.723
180 75.2291 180

-47.2814 30.954 -281.572
180 75.5775 180

-47.8706 30.954 -281.424
180 75.926 180

-48.4606 30.954 -281.28
180 76.2744 180

-49.0516 30.954 -281.139
180 76.6229 180

-49.6434 30.954 -281.002
180 76.9713 180

-50.236 30.954 -280.869
180 77.3197 180

-50.8294 30.954 -280.739
180 77.6682 180

-51.4236 30.954 -280.613
180 78.0166 180

-52.0185 30.954 -280.491
180 78.3651 180

-52.6142 30.954 -280.372
180 78.7135 180

-53.2106 30.954 -280.256
180 79.062 180

-53.8076 30.954 -280.145
180 79.4104 180

-54.4054 30.954 -280.037
180 79.7588 180

-55.0038 30.954 -279.932
180 80.1073 180

-55.6028 30.954 -279.832
180 80.4557 180

-56.2024 30.954 -279.735
180 80.8042 180

-56.8026 30.954 -279.641
180 81.1526 180

-57.4033 30.954 -279.551
180 81.5011 180

-58.0046 30.954 -279.465
180 81.8495 180

-58.6064 30.954 -279.383
180 82.1979 180

-59.2087 30.954 -279.304
180 82.5464 180

-59.8115 30.954 -279.229
180 82.8948 180

-60.4147 30.954 -279.157
180 83.2433 180

-61.0183 30.954 -279.09
180 83.5917 180

-61.6223 30.954 -279.025
180 83.9402 180

-62.2267 30.954 -278.965
180 84.2886 180

-62.8315 30.954 -278.908
180 84.6371 180

-63.4366 30.954 -278.855
180 84.9855 180

-64.042 30.954 -278.806
180 85.3339 180

-64.6477 30.954 -278.76
180 85.6824 180

-65.2537 30.954 -278.718
180 86.0308 180

-65.8599 30.954 -278.68
180 86.3793 180

-66.4663 30.954 -278.645
180 86.7277 180

-67.0729 30.954 -278.614
180 87.0762 180

-67.6797 30.954 -278.587
180 87.4247 180

-68.2867 30.954 -278.563
180 87.7731 180

-68.8938 30.954 -278.543
180 88.1216 180

-69.501 30.954 -278.527
180 88.47 180

-70.1083 30.954 -278.514
180 88.8185 180

-70.7157 30.954 -278.506
180 89.167 180

-71.3231 30.954 -278.501
180 89.5154 180

-71.9305 30.954 -278.499
0 89.8644 1.93666e-008

-72.5379 30.954 -278.501
0 89.7879 1.9366e-008

-73.1453 30.954 -278.507
2.77107e-008 89.4377 360

-73.7526 30.954 -278.517
3.51408e-008 89.0876 1.19373e-008

-74.3599 30.954 -278.53
3.84508e-008 88.7376 8.6279e-009

-74.9671 30.954 -278.547
4.03239e-008 88.3876 6.75538e-009

-75.5742 30.954 -278.568
4.15289e-008 88.0376 5.55089e-009

-76.1811 30.954 -278.593
4.23693e-008 87.6876 4.7111e-009

-76.7878 30.954 -278.621
4.29889e-008 87.3376 4.09214e-009

-77.3944 30.954 -278.653
4.34645e-008 86.9876 3.61705e-009

-78.0008 30.954 -278.689
4.38413e-008 86.6376 3.24091e-009

-78.607 30.954 -278.728
4.4147e-008 86.2876 2.93573e-009

-79.2129 30.954 -278.771
4.44002e-008 85.9376 2.68317e-009

-79.8185 30.954 -278.818
4.46132e-008 85.5876 2.4707e-009

-80.4238 30.954 -278.868
4.4795e-008 85.2376 2.2895e-009

-81.0288 30.954 -278.922
4.49519e-008 84.8876 2.13313e-009

-81.6335 30.954 -278.98
4.50888e-008 84.5376 1.99683e-009

-82.2378 30.954 -279.042
4.52093e-008 84.1876 1.87696e-009

-82.8417 30.954 -279.107
4.53161e-008 83.8376 1.77073e-009

-83.4452 30.954 -279.176
4.54115e-008 83.4876 1.67595e-009

-84.0482 30.954 -279.248
4.54971e-008 83.1376 1.59085e-009

-84.6509 30.954 -279.324
4.55745e-008 82.7876 1.51403e-009

-85.253 30.954 -279.404
4.56448e-008 82.4376 1.44433e-009

-85.8546 30.954 -279.488
4.57089e-008 82.0876 1.38082e-009

-86.4558 30.954 -279.575
4.57676e-008 81.7376 1.32271e-009

-87.0563 30.954 -279.666
4.58216e-008 81.3876 1.26934e-009

-87.6563 30.954 -279.761
4.58713e-008 81.0376 1.22015e-009

-88.2558 30.954 -279.859
4.59174e-008 80.6876 1.17467e-009

-88.8546 30.954 -279.961
4.59601e-008 80.3376 1.13251e-009

-89.4527 30.954 -280.067
4.59999e-008 79.9876 1.0933e-009

-90.0502 30.954 -280.176
4.60371e-008 79.6376 1.05676e-009

-90.6471 30.954 -280.289
4.60718e-008 79.2876 1.02261e-009

-91.2432 30.954 -280.405
4.61043e-008 78.9376 9.90643e-010

-91.8425 30.954 -280.526
4.61349e-008 78.5876 9.60646e-010

-92.441 30.954 -280.651
4.61637e-008 78.2376 9.32446e-010

-93.0387 30.954 -280.779
4.61909e-008 77.8876 9.05888e-010

-93.6356 30.954 -280.911
4.62165e-008 77.5376 8.80832e-010

-94.2317 30.954 -281.047
4.62408e-008 77.1876 8.57156e-010

-94.827 30.954 -281.186
4.62638e-008 76.8376 8.3475e-010

-95.4214 30.954 -281.329
4.62856e-008 76.4876 8.13515e-010

-96.0149 30.954 -281.475
4.63063e-008 76.1376 7.93363e-010

-96.6075 30.954 -281.625
4.63261e-008 75.7876 7.74213e-010

-97.1992 30.954 -281.779
4.63449e-008 75.4376 7.55993e-010

-97.7899 30.954 -281.936
4.63628e-008 75.0876 7.38638e-010

-98.3816 30.954 -282.098
4.638e-008 74.7376 7.22088e-010

-98.9722 30.954 -282.263
4.63963e-008 74.3876 7.0629e-010

-99.5619 30.954 -282.432
4.6412e-008 74.0377 6.91193e-010

-100.15 30.954 -282.604
4.64271e-008 73.6877 6.76753e-010

-100.738 30.954 -282.78
4.64415e-008 73.3377 6.62928e-010

-101.324 30.954 -282.959
4.64553e-008 72.9877 6.4968e-010

-101.91 30.954 -283.142
4.64686e-008 72.6377 6.36975e-010

-102.494 30.954 -283.329
4.64814e-008 72.2877 6.2478e-010

-103.077 30.954 -283.519
4.64937e-008 71.9377 6.13065e-010

-103.659 30.954 -283.713
4.65056e-008 71.5877 6.01804e-010

-104.24 30.954 -283.91
4.6517e-008 71.2377 5.90971e-010

-104.821 30.954 -284.111
4.65279e-008 70.8908 5.80633e-010

-105.401 30.954 -284.316
4.65385e-008 70.5439 5.70672e-010

-105.98 30.954 -284.525
4.65487e-008 70.1971 5.61067e-010

-106.557 30.954 -284.737
4.65586e-008 69.8502 5.51799e-010

-107.134 30.954 -284.952
4.65681e-008 69.5033 5.42853e-010

-107.709 30.954 -285.171
4.65773e-008 69.158 5.34249e-010

-108.282 30.954 -285.393
4.65862e-008 68.8127 5.25933e-010

-108.855 30.954 -285.619
4.65948e-008 68.4674 5.1789e-010

-109.426 30.954 -285.848
4.66032e-008 68.1221 5.10108e-010

-109.995 30.954 -286.081
4.66113e-008 67.7768 5.02574e-010

-110.563 30.954 -286.317
4.66192e-008 67.4314 4.95277e-010

-111.13 30.954 -286.557
4.66269e-008 67.0861 4.88206e-010

-111.695 30.954 -286.8
4.66343e-008 66.7408 4.81352e-010

-112.259 30.954 -287.046
4.66416e-008 66.3955 4.74704e-010

-112.821 30.954 -287.296
4.66486e-008 66.0502 4.68255e-010

-113.382 30.954 -287.549
4.66555e-008 65.7049 4.61995e-010

-113.941 30.954 -287.805
4.66622e-008 65.3596 4.55916e-010

-114.499 30.954 -288.065
4.66687e-008 65.0143 4.50012e-010

-115.055 30.954 -288.328
4.6675e-008 64.6689 4.44274e-010

-115.609 30.954 -288.595
4.66812e-008 64.3236 4.38696e-010

-116.162 30.954 -288.865
4.66872e-008 63.9799 4.33297e-010

-116.714 30.954 -289.138
4.6693e-008 63.6361 4.28044e-010

-117.267 30.954 -289.416
4.66988e-008 63.2924 4.22932e-010

-117.818 30.954 -289.698
4.67043e-008 62.9518 4.18e-010

-118.368 30.954 -289.983
4.67097e-008 62.6111 4.13196e-010

-118.916 30.954 -290.271
4.6715e-008 62.2721 4.08537e-010

-119.462 30.954 -290.562
4.67201e-008 61.9346 4.04017e-010

-120.007 30.954 -290.857
4.67251e-008 61.5971 3.99609e-010

-120.55 30.954 -291.154
4.673e-008 61.2611 3.95329e-010

-121.091 30.954 -291.455
4.67347e-008 60.9268 3.91173e-010

-121.63 30.954 -291.759
4.67393e-008 60.5924 3.87116e-010

-122.171 30.954 -292.068
4.67439e-008 60.2596 3.83174e-010

-122.71 30.954 -292.38
4.67483e-008 59.9268 3.79323e-010

-123.248 30.954 -292.696
4.67526e-008 59.5971 3.75597e-010

-123.783 30.954 -293.014
4.67568e-008 59.269 3.71973e-010

-124.317 30.954 -293.336
4.6761e-008 58.9424 3.68447e-010

-124.852 30.954 -293.662
4.6765e-008 58.6158 3.64998e-010

-125.386 30.954 -293.992
4.67689e-008 58.2924 3.61657e-010

-125.917 30.954 -294.324
4.67728e-008 57.9689 3.58388e-010

-126.447 30.954 -294.66
4.67765e-008 57.6471 3.55204e-010

-126.974 30.954 -294.998
4.67802e-008 57.3252 3.52087e-010

-127.5 30.954 -295.34
4.67838e-008 57.0033 3.49036e-010

-128.024 30.954 -295.684
4.67874e-008 56.6814 3.46047e-010

-128.546 30.954 -296.031
4.67909e-008 56.3596 3.4312e-010

-129.066 30.954 -296.381
4.67944e-008 56.0377 3.40253e-010

-129.584 30.954 -296.735
4.67978e-008 55.7158 3.37444e-010

-130.1 30.954 -297.091
4.68011e-008 55.3939 3.34691e-010

-130.614 30.954 -297.45
4.68044e-008 55.0721 3.31994e-010

-131.126 30.954 -297.811
4.68076e-008 54.7502 3.29349e-010

-131.636 30.954 -298.176
4.68108e-008 54.4283 3.26757e-010

-132.144 30.954 -298.544
4.68139e-008 54.1064 3.24216e-010

-132.65 30.954 -298.914
4.6817e-008 53.7846 3.21723e-010

-133.154 30.954 -299.287
4.68201e-008 53.4627 3.19279e-010

-133.655 30.954 -299.664
4.6823e-008 53.1408 3.16882e-010

-134.155 30.954 -300.042
4.6826e-008 52.8189 3.1453e-010

-134.652 30.954 -300.424
4.68289e-008 52.4971 3.12222e-010

-135.147 30.954 -300.809
4.68317e-008 52.1767 3.09969e-010

-135.64 30.954 -301.196
4.68345e-008 51.8564 3.07758e-010

-136.131 30.954 -301.586
4.68373e-008 51.5361 3.05587e-010

-136.62 30.954 -301.979
4.684e-008 51.2158 3.03456e-010

-137.107 30.954 -302.374
4.68427e-008 50.8955 3.01364e-010

-137.591 30.954 -302.772
4.68454e-008 50.5752 2.9931e-010

-138.073 30.954 -303.173
4.6848e-008 50.2549 2.97294e-010

-138.553 30.954 -303.577
4.68506e-008 49.9346 2.95313e-010

-139.03 30.954 -303.983
4.68531e-008 49.6143 2.93367e-010

-139.506 30.954 -304.392
4.68556e-008 49.2939 2.91456e-010

-139.979 30.954 -304.803
4.68581e-008 48.9736 2.89579e-010

-140.449 30.954 -305.217
4.68606e-008 48.6533 2.87735e-010

-140.918 30.954 -305.634
4.6863e-008 48.333 2.85923e-010

-141.384 30.954 -306.054
4.68654e-008 48.0127 2.84142e-010

-141.847 30.954 -306.476
4.68677e-008 47.6924 2.82393e-010

-142.309 30.954 -306.9
4.68701e-008 47.3721 2.80673e-010

-142.767 30.954 -307.327
4.68724e-008 47.0518 2.78983e-010

-143.224 30.954 -307.757
4.68747e-008 46.7315 2.77322e-010

-143.678 30.954 -308.189
4.68769e-008 46.4111 2.75689e-010

-144.13 30.954 -308.624
4.68791e-008 46.0908 2.74083e-010

-144.579 30.954 -309.061
4.68813e-008 45.7705 2.72505e-010

-145.029 30.954 -309.504
4.68835e-008 45.4502 2.70953e-010

-145.476 30.954 -309.949
4.68856e-008 45.1299 2.69427e-010

-145.92 30.954 -310.397
4.68877e-008 44.8127 2.67941e-010

-146.362 30.954 -310.847
4.68898e-008 44.4971 2.66487e-010

-146.802 30.954 -311.299
4.68919e-008 44.1814 2.65056e-010

-147.242 30.954 -311.757
4.68939e-008 43.8658 2.63649e-010

-147.679 30.954 -312.217
4.68959e-008 43.5502 2.62264e-010

-148.114 30.954 -312.679
4.68979e-008 43.2346 2.60902e-010

-148.546 30.954 -313.144
4.68998e-008 42.9221 2.59575e-010

-148.976 30.954 -313.611
4.69017e-008 42.6096 2.58269e-010

-149.403 30.954 -314.081
4.69036e-008 42.2971 2.56983e-010

-149.828 30.954 -314.552
4.69055e-008 41.9861 2.55724e-010

-150.25 30.954 -315.027
4.69074e-008 41.6752 2.54485e-010

-150.669 30.954 -315.503
4.69092e-008 41.3643 2.53265e-010

-151.086 30.954 -315.982
4.6911e-008 41.0533 2.52065e-010

-151.501 30.954 -316.463
4.69128e-008 40.7439 2.50888e-010

-151.912 30.954 -316.946
4.69146e-008 40.4346 2.4973e-010

-152.324 30.954 -317.434
4.69164e-008 40.1252 2.4859e-010

-152.733 30.954 -317.925
4.69181e-008 39.8158 2.47468e-010

-153.139 30.954 -318.417
4.69198e-008 39.5064 2.46362e-010

-153.543 30.954 -318.912
4.69215e-008 39.2002 2.45285e-010

-153.944 30.954 -319.409
4.69232e-008 38.8955 2.44229e-010

-154.342 30.954 -319.909
4.69249e-008 38.5908 2.43189e-010

-154.738 30.954 -320.41
4.69265e-008 38.2861 2.42165e-010

-155.131 30.954 -320.913
4.69282e-008 37.983 2.41161e-010

-155.521 30.954 -321.419
4.69298e-008 37.6799 2.40172e-010

-155.909 30.954 -321.926
4.69314e-008 37.3768 2.39198e-010

-156.294 30.954 -322.436
4.6933e-008 37.0736 2.38239e-010

-156.676 30.954 -322.948
4.69345e-008 36.7721 2.37298e-010

-157.056 30.954 -323.461
4.69361e-008 36.4705 2.36372e-010

-157.433 30.954 -323.977
4.69376e-008 36.1689 2.35459e-010

-157.807 30.954 -324.494
4.69391e-008 35.8689 2.34565e-010

-158.179 30.954 -325.014
4.69406e-008 35.5689 2.33683e-010

-158.548 30.954 -325.535
4.69421e-008 35.2705 2.32819e-010

-158.914 30.954 -326.059
4.69436e-008 34.9721 2.31968e-010

-159.277 30.954 -326.584
4.69451e-008 34.6752 2.31133e-010

-159.638 30.954 -327.111
4.69465e-008 34.3814 2.30319e-010

-159.996 30.954 -327.64
4.69479e-008 34.0893 2.29521e-010

-160.351 30.954 -328.171
4.69493e-008 33.7986 2.28739e-010

-160.703 30.954 -328.703
4.69507e-008 33.5111 2.27976e-010

-161.053 30.954 -329.237
4.69521e-008 33.2252 2.27228e-010

-161.401 30.954 -329.773
4.69534e-008 32.9439 2.26502e-010

-161.745 30.954 -330.311
4.69547e-008 32.6643 2.25791e-010

-162.088 30.954 -330.85
4.6956e-008 32.3877 2.25097e-010

-162.427 30.954 -331.391
4.69573e-008 32.1127 2.24416e-010

-162.764 30.954 -331.934
4.69585e-008 31.8408 2.23752e-010

-163.098 30.954 -332.478
4.69598e-008 31.5721 2.23105e-010

-163.43 30.954 -333.024
4.6961e-008 31.3064 2.22474e-010

-163.76 30.954 -333.571
4.69622e-008 31.0424 2.21854e-010

-164.086 30.954 -334.12
4.69633e-008 30.7799 2.21246e-010

-164.411 30.954 -334.67
4.69645e-008 30.5205 2.20654e-010

-164.733 30.954 -335.221
4.69656e-008 30.2658 2.20079e-010

-165.052 30.954 -335.774
4.69668e-008 30.0143 2.19519e-010

-165.369 30.954 -336.329
4.69679e-008 29.7658 2.18972e-010

-165.684 30.954 -336.885
4.69689e-008 29.5205 2.18439e-010

-165.996 30.954 -337.442
4.697e-008 29.2799 2.17923e-010

-166.306 30.954 -338
4.6971e-008 29.0424 2.1742e-010

-166.614 30.954 -338.56
4.6972e-008 28.808 2.16929e-010

-166.92 30.954 -339.12
4.6973e-008 28.5783 2.16453e-010

-167.223 30.954 -339.683
4.6974e-008 28.3518 2.1599e-010

-167.524 30.954 -340.246
4.69749e-008 28.1283 2.15538e-010

-167.823 30.954 -340.81
4.69759e-008 27.908 2.15097e-010

-168.12 30.954 -341.376
4.69768e-008 27.6924 2.14671e-010

-168.414 30.954 -341.942
4.69777e-008 27.4815 2.14258e-010

-168.707 30.954 -342.51
4.69786e-008 27.2736 2.13856e-010

-168.998 30.954 -343.079
4.69794e-008 27.0705 2.13467e-010

-169.286 30.954 -343.648
4.69803e-008 26.8705 2.13089e-010

-169.573 30.954 -344.219
4.69811e-008 26.6752 2.12722e-010

-169.858 30.954 -344.791
4.69818e-008 26.4861 2.12371e-010

-170.141 30.954 -345.363
4.69826e-008 26.3002 2.1203e-010

-170.422 30.954 -345.937
4.69834e-008 26.119 2.117e-010

-170.702 30.954 -346.511
4.69841e-008 25.9408 2.11379e-010

-170.979 30.954 -347.086
4.69848e-008 25.7643 2.11063e-010

-171.255 30.954 -347.662
4.69855e-008 25.5908 2.10756e-010

-171.529 30.954 -348.239
4.69862e-008 25.419 2.10455e-010

-171.802 30.954 -348.817
4.69869e-008 25.2533 2.10167e-010

-172.072 30.954 -349.395
4.69876e-008 25.0908 2.09887e-010

-172.342 30.954 -349.974
4.69882e-008 24.9315 2.09615e-010

-172.609 30.954 -350.554
4.69888e-008 24.7768 2.09353e-010

-172.875 30.954 -351.135
4.69894e-008 24.6268 2.09101e-010

-173.14 30.954 -351.716
4.699e-008 24.4799 2.08856e-010

-173.403 30.954 -352.298
4.69906e-008 24.3393 2.08624e-010

-173.664 30.954 -352.879
4.69911e-008 24.2018 2.08398e-010

-173.924 30.954 -353.46
4.69917e-008 24.0705 2.08184e-010

-174.182 30.954 -354.04
4.69922e-008 23.944 2.0798e-010

-174.438 30.954 -354.621
4.69926e-008 23.8252 2.07789e-010

-174.693 30.954 -355.2
4.69931e-008 23.7158 2.07614e-010

-174.945 30.954 -355.778
4.69935e-008 23.619 2.0746e-010

-175.196 30.954 -356.355
4.69938e-008 23.533 2.07325e-010

-175.446 30.954 -356.93
4.69941e-008 23.4596 2.07209e-010

-175.694 30.954 -357.504
4.69943e-008 23.4002 2.07116e-010

-175.941 30.954 -358.076
4.69945e-008 23.3549 2.07045e-010

-176.187 30.954 -358.646
4.69946e-008 23.3221 2.06994e-010

-176.432 30.954 -359.214
4.69947e-008 23.3033 2.06965e-010

-176.675 30.954 -359.78
4.69947e-008 23.3018 2.06963e-010

-176.918 30.954 -360.343
4.69946e-008 23.3158 2.06984e-010

-177.16 30.954 -360.904
4.69945e-008 23.3455 2.07031e-010

-177.402 30.954 -361.463
4.69943e-008 23.394 2.07106e-010

-177.643 30.954 -362.019
4.69941e-008 23.4627 2.07214e-010

-177.883 30.954 -362.568
4.69937e-008 23.5596 2.07367e-010

-178.122 30.954 -363.114
4.69932e-008 23.6721 2.07545e-010

-178.362 30.954 -363.657
4.69927e-008 23.8018 2.07751e-010

-178.602 30.954 -364.198
4.69922e-008 23.944 2.0798e-010

-178.843 30.954 -364.736
4.69915e-008 24.1033 2.08238e-010

-179.085 30.954 -365.272
4.69908e-008 24.2783 2.08524e-010

-179.327 30.954 -365.806
4.69901e-008 24.4705 2.08841e-010

-179.571 30.954 -366.336
4.69892e-008 24.6783 2.09187e-010

-179.816 30.954 -366.864
4.69883e-008 24.9018 2.09564e-010

-180.062 30.954 -367.388
4.69873e-008 25.1424 2.09976e-010

-180.309 30.954 -367.908
4.69863e-008 25.4018 2.10425e-010

-180.558 30.954 -368.426
4.69852e-008 25.6768 2.10908e-010

-180.809 30.954 -368.94
4.6984e-008 25.969 2.11429e-010

-181.06 30.954 -369.45
4.69827e-008 26.2861 2.12004e-010

-181.314 30.954 -369.956
4.69813e-008 26.6236 2.12626e-010

-181.568 30.954 -370.456
4.69798e-008 26.9846 2.13304e-010

-181.825 30.954 -370.952
4.69782e-008 27.3611 2.14025e-010

-182.084 30.954 -371.444
4.69765e-008 27.7518 2.14788e-010

-182.346 30.954 -371.933
4.69748e-008 28.158 2.15598e-010

-182.61 30.954 -372.419
4.6973e-008 28.5799 2.16457e-010

-182.879 30.954 -372.902
4.69711e-008 29.019 2.1737e-010

-183.151 30.954 -373.383
4.69691e-008 29.4705 2.18332e-010

-183.426 30.954 -373.862
4.69671e-008 29.933 2.19339e-010

-183.705 30.954 -374.337
4.6965e-008 30.4096 2.20402e-010

-183.987 30.954 -374.808
4.69628e-008 30.9065 2.21538e-010

-184.273 30.954 -375.276
4.69605e-008 31.4127 2.22725e-010

-184.563 30.954 -375.742
4.69581e-008 31.9299 2.23969e-010

-184.857 30.954 -376.204
4.69556e-008 32.4612 2.2528e-010

-185.154 30.954 -376.661
4.69531e-008 33.0065 2.26663e-010

-185.454 30.954 -377.113
4.69504e-008 33.5643 2.28116e-010

-185.759 30.954 -377.563
4.69477e-008 34.1299 2.29631e-010

-186.068 30.954 -378.009
4.69449e-008 34.7065 2.3122e-010

-186.381 30.954 -378.452
4.6942e-008 35.294 2.32886e-010

-186.699 30.954 -378.89
4.6939e-008 35.8893 2.34625e-010

-187.02 30.954 -379.325
4.69359e-008 36.4924 2.36439e-010

-187.345 30.954 -379.755
4.69328e-008 37.1018 2.38327e-010

-187.674 30.954 -380.18
4.69296e-008 37.7174 2.40294e-010

-188.007 30.954 -380.601
4.69262e-008 38.3408 2.42348e-010

-188.345 30.954 -381.019
4.69228e-008 38.9658 2.44471e-010

-188.687 30.954 -381.433
4.69193e-008 39.5924 2.46668e-010

-189.034 30.954 -381.843
4.69158e-008 40.2205 2.4894e-010

-189.385 30.954 -382.249
4.69122e-008 40.8487 2.51284e-010

-189.741 30.954 -382.652
4.69085e-008 41.4768 2.53704e-010

-190.101 30.954 -383.05
4.69048e-008 42.1049 2.56203e-010

-190.466 30.954 -383.445
4.6901e-008 42.733 2.58782e-010

-190.835 30.954 -383.835
4.6897e-008 43.3612 2.61446e-010

-191.208 30.954 -384.222
4.68931e-008 43.9893 2.64197e-010

-191.585 30.954 -384.604
4.6889e-008 44.6174 2.67039e-010

-191.966 30.954 -384.982
4.68848e-008 45.2455 2.69975e-010

-192.352 30.954 -385.356
4.68806e-008 45.8737 2.7301e-010

-192.741 30.954 -385.726
4.68762e-008 46.5018 2.76148e-010

-193.135 30.954 -386.091
4.68718e-008 47.1299 2.79393e-010

-193.533 30.954 -386.452
4.68672e-008 47.758 2.82749e-010

-193.934 30.954 -386.809
4.68625e-008 48.3877 2.8623e-010

-194.34 30.954 -387.161
4.68577e-008 49.0174 2.89834e-010

-194.749 30.954 -387.509
4.68528e-008 49.6471 2.93565e-010

-195.162 30.954 -387.852
4.68478e-008 50.2768 2.9743e-010

-195.578 30.954 -388.19
4.68426e-008 50.9065 3.01435e-010

-195.997 30.954 -388.523
4.68373e-008 51.5362 3.05587e-010

-196.419 30.954 -388.851
4.68318e-008 52.1659 3.09893e-010

-196.845 30.954 -389.174
4.68262e-008 52.7955 3.1436e-010

-197.275 30.954 -389.493
4.68204e-008 53.4252 3.18997e-010

-197.709 30.954 -389.808
4.68144e-008 54.0549 3.23813e-010

-198.145 30.954 -390.117
4.68082e-008 54.6846 3.28817e-010

-198.585 30.954 -390.421
4.68019e-008 55.3143 3.34019e-010

-199.029 30.954 -390.721
4.67953e-008 55.944 3.39429e-010

-199.475 30.954 -391.016
4.67886e-008 56.5737 3.4506e-010

-199.925 30.954 -391.306
4.67816e-008 57.2034 3.50925e-010

-200.378 30.954 -391.591
4.67743e-008 57.833 3.57035e-010

-200.834 30.954 -391.871
4.67668e-008 58.4627 3.63407e-010

-201.297 30.954 -392.148
4.67591e-008 59.0909 3.7004e-010

-201.762 30.954 -392.419
4.6751e-008 59.7174 3.76947e-010

-202.234 30.954 -392.688
4.67427e-008 60.3424 3.84146e-010

-202.71 30.954 -392.953
4.67342e-008 60.9627 3.91615e-010

-203.193 30.954 -393.214
4.67253e-008 61.5799 3.99387e-010

-203.682 30.954 -393.472
4.67161e-008 62.194 4.07481e-010

-204.177 30.954 -393.726
4.67067e-008 62.8018 4.15869e-010

-204.677 30.954 -393.976
4.66969e-008 63.4065 4.24613e-010

-205.184 30.954 -394.223
4.66868e-008 64.0018 4.33636e-010

-205.697 30.954 -394.467
4.66764e-008 64.5924 4.43024e-010

-206.215 30.954 -394.707
4.66656e-008 65.1768 4.52769e-010

-206.74 30.954 -394.943
4.66545e-008 65.7534 4.62862e-010

-207.272 30.954 -395.176
4.66431e-008 66.3206 4.73288e-010

-207.81 30.954 -395.406
4.66314e-008 66.8768 4.84025e-010

-208.357 30.954 -395.634
4.66194e-008 67.4221 4.95082e-010

-208.913 30.954 -395.859
4.66072e-008 67.9518 5.06362e-010

-209.474 30.954 -396.08
4.65946e-008 68.4737 5.18034e-010

-210.043 30.954 -396.299
4.65817e-008 68.9862 5.30075e-010

-210.619 30.954 -396.514
4.65685e-008 69.4878 5.42458e-010

-211.203 30.954 -396.727
4.65549e-008 69.9784 5.55185e-010

-211.794 30.954 -396.937
4.65411e-008 70.4549 5.68173e-010

-212.393 30.954 -397.144
4.65272e-008 70.9143 5.81321e-010

-213.004 30.954 -397.35
4.65129e-008 71.3628 5.94793e-010

-213.624 30.954 -397.554
4.64985e-008 71.7971 6.08489e-010

-214.254 30.954 -397.756
4.64839e-008 72.2175 6.2239e-010

-214.894 30.954 -397.956
4.64691e-008 72.6237 6.36477e-010

-215.54 30.954 -398.154
4.64541e-008 73.019 6.50842e-010

-216.199 30.954 -398.35
4.6439e-008 73.3972 6.65233e-010

-216.866 30.954 -398.544
4.64237e-008 73.7659 6.79923e-010

-217.543 30.954 -398.737
4.64082e-008 74.1237 6.94839e-010

-218.226 30.954 -398.927
4.63923e-008 74.4753 7.10174e-010

-218.916 30.954 -399.114
4.6376e-008 74.8191 7.25864e-010

-219.61 30.954 -399.298
4.63593e-008 75.1565 7.41985e-010

-220.314 30.954 -399.48
4.63423e-008 75.4862 7.58465e-010

-221.022 30.954 -399.659
4.6325e-008 75.8065 7.75218e-010

-221.737 30.954 -399.836
4.63073e-008 76.1206 7.92403e-010

-222.456 30.954 -400.009
4.6289e-008 76.43 8.10118e-010

-223.183 30.954 -400.181
4.62703e-008 76.7347 8.2838e-010

-223.912 30.954 -400.348
4.62508e-008 77.0362 8.47309e-010

-224.647 30.954 -400.514
4.62307e-008 77.3347 8.66936e-010

-225.387 30.954 -400.676
4.62097e-008 77.6315 8.87409e-010

-226.128 30.954 -400.835
4.61879e-008 77.9268 9.08781e-010

-226.874 30.954 -400.99
4.61649e-008 78.2222 9.31234e-010

-227.621 30.954 -401.142
4.61408e-008 78.5175 9.54849e-010

-228.368 30.954 -401.289
4.61154e-008 78.8128 9.79721e-010

-229.116 30.954 -401.433
4.60887e-008 79.1081 1.00595e-009

-229.865 30.954 -401.573
4.60605e-008 79.4034 1.03365e-009

-230.614 30.954 -401.71
4.60307e-008 79.6987 1.06295e-009

-231.364 30.954 -401.842
4.59992e-008 79.994 1.09399e-009

-232.117 30.954 -401.971
4.59658e-008 80.2893 1.12692e-009

-232.87 30.954 -402.096
4.59303e-008 80.5846 1.16193e-009

-233.624 30.954 -402.217
4.58925e-008 80.8799 1.19922e-009

-234.379 30.954 -402.334
4.58522e-008 81.1753 1.23902e-009

-235.134 30.954 -402.447
4.58091e-008 81.4706 1.28159e-009

-235.89 30.954 -402.557
4.5763e-008 81.7659 1.32722e-009

-236.646 30.954 -402.662
4.57135e-008 82.0612 1.37625e-009

-237.403 30.954 -402.764
4.56602e-008 82.3565 1.42909e-009

-238.161 30.954 -402.861
4.56026e-008 82.6518 1.48619e-009

-238.918 30.954 -402.955
4.55402e-008 82.9472 1.54808e-009

-239.677 30.954 -403.045
4.54724e-008 83.2425 1.6154e-009

-240.436 30.954 -403.131
4.53984e-008 83.5378 1.68889e-009

-241.195 30.954 -403.213
4.53174e-008 83.8331 1.76943e-009

-241.955 30.954 -403.291
4.52282e-008 84.1284 1.85809e-009

-242.715 30.954 -403.365
4.51297e-008 84.4237 1.95615e-009

-243.475 30.954 -403.436
4.50201e-008 84.719 2.0652e-009

-244.236 30.954 -403.502
4.48976e-008 85.0143 2.18719e-009

-244.997 30.954 -403.564
4.47598e-008 85.3097 2.32456e-009

-245.758 30.954 -403.623
4.46034e-008 85.605 2.48042e-009

-246.52 30.954 -403.677
4.44246e-008 85.9003 2.65875e-009

-247.282 30.954 -403.728
4.42181e-008 86.1956 2.86479e-009

-248.044 30.954 -403.775
4.39768e-008 86.4909 3.10554e-009

-248.807 30.954 -403.818
4.36913e-008 86.7862 3.39056e-009

-249.569 30.954 -403.857
4.33481e-008 87.0815 3.7333e-009

-250.332 30.954 -403.892
4.29277e-008 87.3768 4.15324e-009

-251.095 30.954 -403.923
4.24007e-008 87.6721 4.67975e-009

-251.859 30.954 -403.95
4.17206e-008 87.9674 5.35931e-009

-252.622 30.954 -403.973
4.08095e-008 88.2627 6.26996e-009

-253.385 30.954 -403.992
3.95253e-008 88.558 7.55365e-009

-254.149 30.954 -404.007
3.75798e-008 88.8533 9.49865e-009

-254.912 30.954 -404.019
3.42851e-008 89.1487 1.27929e-008

-255.676 30.954 -404.026
2.75454e-008 89.4426 1.95321e-008

-256.44 30.954 -404.03
0 89.7368 4.7077e-008

-257.203 30.954 -404.029
0 89.9802 4.70765e-008

-257.967 30.954 -404.025
180 89.6786 180

-258.731 30.954 -404.017
180 89.388 180

-259.498 30.954 -404.005
180 89.0989 180

-260.266 30.954 -403.989
180 88.8097 180

-261.033 30.954 -403.969
180 88.5238 180

-261.804 30.954 -403.945
180 88.2394 180

-262.579 30.954 -403.918
180 87.9567 180

-263.354 30.954 -403.886
180 87.677 180

-264.132 30.954 -403.851
180 87.402 180

-264.912 30.954 -403.812
180 87.1316 180

-265.696 30.954 -403.769
180 86.8644 180

-266.484 30.954 -403.722
180 86.6004 180

-267.272 30.954 -403.672
180 86.3441 180

-268.063 30.954 -403.618
180 86.0988 180

-268.857 30.954 -403.56
180 85.8707 180

-269.652 30.954 -403.5
180 85.6551 180

-270.45 30.954 -403.437
180 85.4598 180

-271.252 30.954 -403.37
180 85.2754 180

-272.054 30.954 -403.302
180 85.0988 180

-272.856 30.954 -403.231
180 84.9364 180

-273.657 30.954 -403.157
180 84.7848 180

-274.458 30.954 -403.082
180 84.6457 180

-275.259 30.954 -403.005
180 84.5176 180

-276.06 30.954 -402.927
180 84.4004 180

-276.861 30.954 -402.847
180 84.2957 180

-277.661 30.954 -402.766
180 84.202 180

-278.462 30.954 -402.683
180 84.1192 180

-279.262 30.954 -402.6
180 84.0442 180

-280.062 30.954 -402.515
180 83.9801 180

-280.862 30.954 -402.43
180 83.9302 180

-281.666 30.954 -402.344
180 83.8911 180

-282.47 30.954 -402.258
180 83.8599 180

-283.274 30.954 -402.171
180 83.8396 180

-284.078 30.954 -402.084
180 83.8302 180

-284.882 30.954 -401.997
180 83.8318 180

-285.686 30.954 -401.91
180 83.8411 180

-286.49 30.954 -401.824
180 83.8583 180

-287.294 30.954 -401.738
180 83.8833 180

-288.098 30.954 -401.652
180 83.9192 180

-288.902 30.954 -401.567
180 83.963 180

-289.706 30.954 -401.483
180 84.0145 180

-290.511 30.954 -401.399
180 84.0817 180

-291.315 30.954 -401.317
180 84.1598 180

-292.12 30.954 -401.236
180 84.2473 180

-292.924 30.954 -401.156
180 84.3457 180

-293.729 30.954 -401.078
180 84.4551 180

-294.534 30.954 -401.002
180 84.5754 180

-295.339 30.954 -400.927
180 84.7066 180

-296.145 30.954 -400.855
180 84.8488 180

-296.95 30.954 -400.784
180 85.0004 180

-297.756 30.954 -400.716
180 85.1597 180

-298.562 30.954 -400.65
180 85.3285 180

-299.368 30.954 -400.587
180 85.5081 180

-300.174 30.954 -400.526
180 85.6956 180

-300.981 30.954 -400.468
180 85.8925 180

-301.787 30.954 -400.413
180 86.0972 180

-302.594 30.954 -400.361
180 86.3097 180

-303.401 30.954 -400.312
180 86.5269 180

-304.209 30.954 -400.266
180 86.7519 180

-305.016 30.954 -400.224
180 86.9831 180

-305.824 30.954 -400.184
180 87.2222 180

-306.632 30.954 -400.149
180 87.4674 180

-307.44 30.954 -400.117
180 87.7205 180

-308.248 30.954 -400.088
180 87.9814 180

-309.056 30.954 -400.063
180 88.2487 180

-309.864 30.954 -400.043
180 88.5253 180

-310.673 30.954 -400.026
180 88.8066 180

-311.481 30.954 -400.013
180 89.0926 180

-312.29 30.954 -400.004
180 89.3813 180

-313.098 30.954 -400
180 89.6737 180

-313.907 30.954 -399.999
0 89.9657 1.93667e-008

-314.715 30.954 -400.003
0 89.7302 1.93662e-008

-315.524 30.954 -400.011
2.48881e-008 89.4273 360

-316.332 30.954 -400.023
3.16365e-008 89.1211 1.26189e-008

-317.141 30.954 -400.04
3.4922e-008 88.8116 9.33391e-009

-317.949 30.954 -400.061
3.68809e-008 88.4958 7.37553e-009

-318.757 30.954 -400.087
3.81812e-008 88.1739 6.07577e-009

-319.565 30.954 -400.118
3.91144e-008 87.8427 5.14319e-009

-320.373 30.954 -400.153
3.98048e-008 87.5083 4.45335e-009

-321.181 30.954 -400.193
4.03406e-008 87.1677 3.91813e-009

-321.988 30.954 -400.237
4.07666e-008 86.8224 3.49271e-009

-322.795 30.954 -400.287
4.11148e-008 86.4708 3.14515e-009

-323.602 30.954 -400.342
4.14033e-008 86.1146 2.85716e-009

-324.406 30.954 -400.402
4.16474e-008 85.752 2.61374e-009

-325.21 30.954 -400.467
4.18556e-008 85.3848 2.40618e-009

-326.012 30.954 -400.537
4.20352e-008 85.013 2.22716e-009

-326.813 30.954 -400.612
4.21912e-008 84.638 2.07181e-009

-327.614 30.954 -400.692
4.23279e-008 84.2599 1.93574e-009

-328.412 30.954 -400.778
4.24496e-008 83.8755 1.81468e-009

-329.208 30.954 -400.869
4.25582e-008 83.4865 1.70671e-009

-330.003 30.954 -400.965
4.26561e-008 83.0912 1.60949e-009

-330.797 30.954 -401.067
4.27441e-008 82.6927 1.52217e-009

-331.589 30.954 -401.174
4.28234e-008 82.2927 1.44361e-009

-332.379 30.954 -401.287
4.28956e-008 81.888 1.37204e-009

-333.167 30.954 -401.405
4.2962e-008 81.4771 1.30634e-009

-333.955 30.954 -401.529
4.3023e-008 81.0615 1.24606e-009

-334.739 30.954 -401.658
4.30794e-008 80.6396 1.19036e-009

-335.522 30.954 -401.793
4.31317e-008 80.2115 1.13877e-009

-336.303 30.954 -401.934
4.31802e-008 79.7787 1.09103e-009

-337.082 30.954 -402.081
4.32254e-008 79.3396 1.04659e-009

-337.858 30.954 -402.233
4.32674e-008 78.8974 1.0054e-009

-338.633 30.954 -402.391
4.33068e-008 78.4474 9.66735e-010

-339.405 30.954 -402.555
4.33435e-008 77.9943 9.30754e-010

-340.176 30.954 -402.726
4.33779e-008 77.538 8.97188e-010

-340.945 30.954 -402.902
4.341e-008 77.0802 8.65908e-010

-341.712 30.954 -403.085
4.34402e-008 76.6177 8.365e-010

-342.476 30.954 -403.273
4.34685e-008 76.1537 8.08985e-010

-343.239 30.954 -403.468
4.34951e-008 75.688 7.83189e-010

-344 30.954 -403.668
4.352e-008 75.2224 7.59036e-010

-344.76 30.954 -403.875
4.35436e-008 74.7552 7.36301e-010

-345.517 30.954 -404.089
4.35658e-008 74.2865 7.14866e-010

-346.273 30.954 -404.308
4.35869e-008 73.8161 6.94623e-010

-347.027 30.954 -404.534
4.36068e-008 73.3458 6.75539e-010

-347.78 30.954 -404.765
4.36257e-008 72.8724 6.57403e-010

-348.53 30.954 -405.003
4.36437e-008 72.399 6.40257e-010

-349.278 30.954 -405.248
4.36607e-008 71.9255 6.24025e-010

-350.024 30.954 -405.498
4.36769e-008 71.4521 6.08636e-010

-350.768 30.954 -405.755
4.36924e-008 70.9787 5.94027e-010

-351.51 30.954 -406.017
4.37071e-008 70.5052 5.80142e-010

-352.25 30.954 -406.286
4.37211e-008 70.0318 5.66929e-010

-352.988 30.954 -406.561
4.37345e-008 69.5583 5.54341e-010

-353.723 30.954 -406.842
4.37473e-008 69.0849 5.42337e-010

-354.456 30.954 -407.129
4.37596e-008 68.6115 5.30876e-010

-355.186 30.954 -407.422
4.37714e-008 68.138 5.19925e-010

-355.914 30.954 -407.721
4.37827e-008 67.6646 5.09451e-010

-356.64 30.954 -408.026
4.37936e-008 67.1911 4.99424e-010

-357.363 30.954 -408.337
4.3804e-008 66.7177 4.89816e-010

-358.083 30.954 -408.654
4.38141e-008 66.2443 4.80604e-010

-358.801 30.954 -408.977
4.38238e-008 65.7708 4.71763e-010

-359.516 30.954 -409.306
4.38331e-008 65.2974 4.63273e-010

-360.229 30.954 -409.641
4.38421e-008 64.8224 4.55087e-010

-360.938 30.954 -409.982
4.38508e-008 64.3474 4.47215e-010

-361.645 30.954 -410.329
4.38592e-008 63.8724 4.39641e-010

-362.349 30.954 -410.681
4.38674e-008 63.3974 4.32349e-010

-363.049 30.954 -411.039
4.38753e-008 62.9224 4.25323e-010

-363.747 30.954 -411.404
4.38829e-008 62.4474 4.1855e-010

-364.442 30.954 -411.773
4.38903e-008 61.9724 4.12017e-010

-365.134 30.954 -412.149
4.38974e-008 61.4973 4.05713e-010

-365.822 30.954 -412.53
4.39044e-008 61.0223 3.99626e-010

-366.508 30.954 -412.917
4.39111e-008 60.5473 3.93745e-010

-367.19 30.954 -413.31
4.39176e-008 60.0723 3.88061e-010

-367.869 30.954 -413.708
4.3924e-008 59.5973 3.82565e-010

-368.544 30.954 -414.112
4.39302e-008 59.1223 3.77248e-010

-369.217 30.954 -414.522
4.39362e-008 58.6473 3.72102e-010

-369.885 30.954 -414.937
4.3942e-008 58.1723 3.67119e-010

-370.551 30.954 -415.358
4.39477e-008 57.6973 3.62293e-010

-371.212 30.954 -415.784
4.39533e-008 57.2223 3.57616e-010

-371.871 30.954 -416.215
4.39587e-008 56.7473 3.53082e-010

-372.525 30.954 -416.652
4.3964e-008 56.2723 3.48685e-010

-373.176 30.954 -417.095
4.39691e-008 55.7973 3.4442e-010

-373.823 30.954 -417.543
4.39741e-008 55.3223 3.40281e-010

-374.467 30.954 -417.996
4.3979e-008 54.8473 3.36264e-010

-375.107 30.954 -418.454
4.39838e-008 54.3723 3.32362e-010

-375.743 30.954 -418.918
4.39885e-008 53.8973 3.28573e-010

-376.375 30.954 -419.387
4.39931e-008 53.4223 3.24891e-010

-377.003 30.954 -419.861
4.39975e-008 52.9473 3.21312e-010

-377.627 30.954 -420.341
4.40019e-008 52.4723 3.17833e-010

-378.247 30.954 -420.826
4.40062e-008 51.9973 3.1445e-010

-378.864 30.954 -421.315
4.40104e-008 51.5223 3.11159e-010

-379.476 30.954 -421.81
4.40145e-008 51.0473 3.07958e-010

-380.084 30.954 -422.31
4.40185e-008 50.5723 3.04842e-010

-380.688 30.954 -422.815
4.40224e-008 50.0973 3.01809e-010

-381.287 30.954 -423.325
4.40263e-008 49.6223 2.98857e-010

-381.883 30.954 -423.84
4.40301e-008 49.1473 2.95981e-010

-382.474 30.954 -424.36
4.40338e-008 48.6723 2.93181e-010

-383.059 30.954 -424.883
4.40374e-008 48.1973 2.90453e-010

-383.64 30.954 -425.411
4.4041e-008 47.7223 2.87794e-010

-384.216 30.954 -425.944
4.40445e-008 47.2473 2.85204e-010

-384.788 30.954 -426.482
4.4048e-008 46.7723 2.82679e-010

-385.356 30.954 -427.024
4.40514e-008 46.2973 2.80217e-010

-385.919 30.954 -427.571
4.40547e-008 45.8223 2.77816e-010

-386.478 30.954 -428.123
4.4058e-008 45.3473 2.75476e-010

-387.032 30.954 -428.68
4.40612e-008 44.8723 2.73193e-010

-387.581 30.954 -429.241
4.40644e-008 44.3973 2.70966e-010

-388.126 30.954 -429.806
4.40675e-008 43.9223 2.68793e-010

-388.666 30.954 -430.376
4.40706e-008 43.4473 2.66673e-010

-389.201 30.954 -430.951
4.40736e-008 42.9723 2.64604e-010

-389.731 30.954 -431.53
4.40766e-008 42.4973 2.62585e-010

-390.257 30.954 -432.113
4.40795e-008 42.0223 2.60615e-010

-390.778 30.954 -432.701
4.40824e-008 41.5473 2.58691e-010

-391.293 30.954 -433.292
4.40852e-008 41.0723 2.56813e-010

-391.804 30.954 -433.889
4.4088e-008 40.5973 2.5498e-010

-392.31 30.954 -434.489
4.40908e-008 40.1223 2.53189e-010

-392.811 30.954 -435.094
4.40935e-008 39.6473 2.51441e-010

-393.307 30.954 -435.702
4.40962e-008 39.1723 2.49734e-010

-393.798 30.954 -436.315
4.40989e-008 38.6973 2.48067e-010

-394.284 30.954 -436.932
4.41015e-008 38.2223 2.46439e-010

-394.765 30.954 -437.553
4.41041e-008 37.7473 2.44849e-010

-395.24 30.954 -438.177
4.41066e-008 37.2723 2.43296e-010

-395.71 30.954 -438.806
4.41092e-008 36.7973 2.41779e-010

-396.175 30.954 -439.439
4.41116e-008 36.3223 2.40297e-010

-396.635 30.954 -440.075
4.41141e-008 35.8473 2.38849e-010

-397.09 30.954 -440.715
4.41165e-008 35.3723 2.37435e-010

-397.539 30.954 -441.359
4.41189e-008 34.8973 2.36054e-010

-397.983 30.954 -442.007
4.41213e-008 34.4223 2.34705e-010

-398.421 30.954 -442.658
4.41237e-008 33.9473 2.33387e-010

-398.854 30.954 -443.313
4.4126e-008 33.4723 2.321e-010

-399.282 30.954 -443.972
4.41283e-008 32.9973 2.30842e-010

-399.704 30.954 -444.634
4.41305e-008 32.5223 2.29614e-010

-400.121 30.954 -445.299
4.41328e-008 32.0473 2.28415e-010

-400.532 30.954 -445.968
4.4135e-008 31.5723 2.27243e-010

-400.937 30.954 -446.641
4.41372e-008 31.0973 2.26099e-010

-401.337 30.954 -447.316
4.41394e-008 30.6223 2.24982e-010

-401.731 30.954 -447.995
4.41415e-008 30.1473 2.23891e-010

-402.12 30.954 -448.678
4.41437e-008 29.6723 2.22825e-010

-402.503 30.954 -449.363
4.41458e-008 29.1973 2.21786e-010

-402.88 30.954 -450.051
4.41479e-008 28.7223 2.2077e-010

-403.252 30.954 -450.743
4.415e-008 28.2473 2.19779e-010

-403.618 30.954 -451.438
4.4152e-008 27.7723 2.18812e-010

-403.978 30.954 -452.136
4.41541e-008 27.2973 2.17869e-010

-404.331 30.954 -452.834
4.41561e-008 26.8223 2.16948e-010

-404.679 30.954 -453.536
4.41581e-008 26.3473 2.1605e-010

-405.021 30.954 -454.241
4.41601e-008 25.8723 2.15174e-010

-405.357 30.954 -454.949
4.4162e-008 25.4004 2.14325e-010

-405.687 30.954 -455.659
4.4164e-008 24.9286 2.13497e-010

-406.011 30.954 -456.372
4.41659e-008 24.4567 2.1269e-010

-406.329 30.954 -457.087
4.41678e-008 23.9848 2.11904e-010

-406.642 30.954 -457.805
4.41697e-008 23.5129 2.11137e-010

-406.948 30.954 -458.526
4.41716e-008 23.0426 2.10393e-010

-407.249 30.954 -459.249
4.41735e-008 22.5723 2.09668e-010

-407.544 30.954 -459.975
4.41753e-008 22.102 2.08962e-010

-407.832 30.954 -460.703
4.41772e-008 21.6317 2.08275e-010

-408.115 30.954 -461.433
4.4179e-008 21.1614 2.07606e-010

-408.391 30.954 -462.164
4.41808e-008 20.6911 2.06955e-010

-408.661 30.954 -462.897
4.41827e-008 20.2208 2.06323e-010

-408.925 30.954 -463.633
4.41844e-008 19.7536 2.05712e-010

-409.183 30.954 -464.37
4.41862e-008 19.2864 2.05118e-010

-409.435 30.954 -465.11
4.4188e-008 18.8192 2.04541e-010

-409.681 30.954 -465.851
4.41897e-008 18.352 2.03981e-010

-409.921 30.954 -466.595
4.41915e-008 17.8848 2.03437e-010

-410.155 30.954 -467.34
4.41932e-008 17.4176 2.0291e-010

-410.383 30.954 -468.087
4.41949e-008 16.952 2.02401e-010

-410.605 30.954 -468.836
4.41967e-008 16.4864 2.01908e-010

-410.82 30.954 -469.587
4.41984e-008 16.0207 2.0143e-010

-411.03 30.954 -470.34
4.42001e-008 15.5567 2.00969e-010

-411.233 30.954 -471.092
4.42017e-008 15.0926 2.00523e-010

-411.43 30.954 -471.846
4.42034e-008 14.6317 2.00096e-010

-411.62 30.954 -472.602
4.42051e-008 14.1707 1.99683e-010

-411.805 30.954 -473.357
4.42067e-008 13.7114 1.99286e-010

-411.983 30.954 -474.114
4.42084e-008 13.2551 1.98906e-010

-412.155 30.954 -474.872
4.421e-008 12.802 1.98542e-010

-412.321 30.954 -475.629
4.42116e-008 12.352 1.98194e-010

-412.48 30.954 -476.386
4.42131e-008 11.9036 1.97861e-010

-412.634 30.954 -477.144
4.42147e-008 11.4614 1.97546e-010

-412.782 30.954 -477.903
4.42162e-008 11.0254 1.97247e-010

-412.924 30.954 -478.662
4.42177e-008 10.5942 1.96964e-010

-413.06 30.954 -479.421
4.42192e-008 10.1723 1.96698e-010

-413.191 30.954 -480.179
4.42207e-008 9.75668 1.96448e-010

-413.316 30.954 -480.939
4.42221e-008 9.34731 1.96212e-010

-413.435 30.954 -481.697
4.42235e-008 8.94262 1.95989e-010

-413.549 30.954 -482.456
4.42249e-008 8.54418 1.95779e-010

-413.657 30.954 -483.214
4.42262e-008 8.14887 1.95581e-010

-413.761 30.954 -483.972
4.42276e-008 7.75668 1.95394e-010

-413.859 30.954 -484.732
4.42289e-008 7.37075 1.9522e-010

-413.952 30.954 -485.492
4.42302e-008 6.98793 1.95055e-010

-414.04 30.954 -486.252
4.42315e-008 6.60825 1.94901e-010

-414.123 30.954 -487.013
4.42328e-008 6.23325 1.94758e-010

-414.202 30.954 -487.775
4.42341e-008 5.86137 1.94624e-010

-414.275 30.954 -488.537
4.42353e-008 5.49731 1.94501e-010

-414.344 30.954 -489.3
4.42366e-008 5.13794 1.94388e-010

-414.407 30.954 -490.063
4.42378e-008 4.78481 1.94284e-010

-414.467 30.954 -490.826
4.42389e-008 4.43637 1.94188e-010

-414.521 30.954 -491.59
4.42401e-008 4.09575 1.94102e-010

-414.572 30.954 -492.354
4.42412e-008 3.76137 1.94024e-010

-414.617 30.954 -493.118
4.42423e-008 3.43481 1.93955e-010

-414.659 30.954 -493.882
4.42434e-008 3.11606 1.93893e-010

-414.697 30.954 -494.647
4.42445e-008 2.80512 1.93839e-010

-414.73 30.954 -495.412
4.42455e-008 2.50043 1.93791e-010

-414.759 30.954 -496.177
4.42465e-008 2.20356 1.9375e-010

-414.785 30.954 -496.942
4.42475e-008 1.90981 1.93714e-010

-414.807 30.954 -497.708
4.42485e-008 1.62856 1.93685e-010

-414.825 30.954 -498.473
4.42494e-008 1.352 1.9366e-010

-414.839 30.954 -499.238
4.42503e-008 1.08637 1.93641e-010

-414.85 30.954 -500.004
4.42512e-008 0.82856 1.93627e-010

-414.858 30.954 -500.77
4.4252e-008 0.57856 1.93616e-010

-414.863 30.954 -501.535
4.42528e-008 0.336372 1.9361e-010

-414.864 30.954 -502.301
4.42536e-008 0.100435 1.93607e-010

-414.862 30.954 -503.066
4.42544e-008 359.872 1.93607e-010

-414.857 30.954 -503.832
4.42551e-008 359.65 1.9361e-010

-414.85 30.954 -504.598
4.42559e-008 359.436 1.93616e-010

-414.84 30.954 -505.363
4.42566e-008 359.225 1.93624e-010

-414.827 30.954 -506.129
4.42573e-008 359.021 1.93635e-010

-414.811 30.954 -506.894
4.42579e-008 358.819 1.93648e-010

-414.792 30.954 -507.66
4.42586e-008 358.621 1.93663e-010

-414.771 30.954 -508.425
4.42593e-008 358.425 1.9368e-010

-414.748 30.954 -509.19
4.42599e-008 358.235 1.93698e-010

-414.722 30.954 -509.955
4.42606e-008 358.046 1.93719e-010

-414.693 30.954 -510.72
4.42612e-008 357.858 1.93742e-010

-414.662 30.954 -511.485
4.42618e-008 357.674 1.93766e-010

-414.628 30.954 -512.25
4.42624e-008 357.494 1.93792e-010

-414.593 30.954 -513.015
4.4263e-008 357.318 1.93819e-010

-414.554 30.954 -513.78
4.42636e-008 357.144 1.93847e-010

-414.514 30.954 -514.544
4.42642e-008 356.977 1.93876e-010

-414.471 30.954 -515.309
4.42647e-008 356.813 1.93906e-010

-414.427 30.954 -516.073
4.42653e-008 356.654 1.93937e-010

-414.38 30.954 -516.837
4.42658e-008 356.5 1.93968e-010

-414.331 30.954 -517.601
4.42663e-008 356.35 1.94e-010

-414.281 30.954 -518.365
4.42668e-008 356.207 1.94031e-010

-414.228 30.954 -519.129
4.42673e-008 356.066 1.94064e-010

-414.174 30.954 -519.893
4.42677e-008 355.932 1.94096e-010

-414.118 30.954 -520.656
4.42682e-008 355.802 1.94127e-010

-414.06 30.954 -521.42
4.42686e-008 355.679 1.94158e-010

-414.001 30.954 -522.183
4.4269e-008 355.558 1.9419e-010

-413.94 30.954 -522.946
4.42694e-008 355.446 1.9422e-010

-413.878 30.954 -523.709
4.42697e-008 355.34 1.94249e-010

-413.814 30.954 -524.472
4.42701e-008 355.238 1.94277e-010

-413.749 30.954 -525.235
4.42704e-008 355.144 1.94304e-010

-413.683 30.954 -525.998
4.42707e-008 355.055 1.9433e-010

-413.616 30.954 -526.761
4.4271e-008 354.972 1.94354e-010

-413.548 30.954 -527.523
4.42712e-008 354.893 1.94378e-010

-413.479 30.954 -528.286
4.42715e-008 354.819 1.94401e-010

-413.409 30.954 -529.046
4.42717e-008 354.751 1.94422e-010

-413.339 30.954 -529.807
4.42719e-008 354.688 1.94441e-010

-413.267 30.954 -530.567
4.42721e-008 354.632 1.94459e-010

-413.195 30.954 -531.327
4.42723e-008 354.58 1.94476e-010

-413.122 30.954 -532.088
4.42725e-008 354.535 1.9449e-010

-413.049 30.954 -532.846
4.42726e-008 354.494 1.94504e-010

-412.976 30.954 -533.604
4.42727e-008 354.46 1.94515e-010

-412.902 30.954 -534.362
4.42728e-008 354.432 1.94524e-010

-412.827 30.954 -535.12
4.42729e-008 354.408 1.94532e-010

-412.753 30.954 -535.878
4.4273e-008 354.388 1.94539e-010

-412.678 30.954 -536.634
4.4273e-008 354.374 1.94544e-010

-412.604 30.954 -537.39
4.42731e-008 354.361 1.94548e-010

-412.529 30.954 -538.146
4.42731e-008 354.352 1.94551e-010

-412.454 30.954 -538.901
4.42731e-008 354.343 1.94554e-010

-412.38 30.954 -539.655
4.42731e-008 354.34 1.94555e-010

-412.305 30.954 -540.409
4.42731e-008 354.34 1.94555e-010

-412.23 30.954 -541.161
4.42731e-008 354.343 1.94554e-010

-412.156 30.954 -541.913
4.42731e-008 354.349 1.94552e-010

-412.082 30.954 -542.665
4.42731e-008 354.358 1.94549e-010

-412.007 30.954 -543.418
4.4273e-008 354.371 1.94545e-010

-411.934 30.954 -544.168
4.4273e-008 354.39 1.94538e-010

-411.86 30.954 -544.918
4.42729e-008 354.411 1.94531e-010

-411.787 30.954 -545.669
4.42728e-008 354.435 1.94523e-010

-411.715 30.954 -546.417
4.42727e-008 354.461 1.94514e-010

-411.642 30.954 -547.165
4.42726e-008 354.49 1.94505e-010

-411.571 30.954 -547.914
4.42725e-008 354.519 1.94496e-010

-411.499 30.954 -548.663
4.42724e-008 354.549 1.94486e-010

-411.428 30.954 -549.411
4.42723e-008 354.58 1.94476e-010

-411.358 30.954 -550.16
4.42722e-008 354.611 1.94466e-010

-411.287 30.954 -550.908
4.42721e-008 354.643 1.94456e-010

-411.218 30.954 -551.657
4.4272e-008 354.674 1.94446e-010

-411.148 30.954 -552.406
4.42719e-008 354.705 1.94436e-010

-411.079 30.954 -553.153
4.42718e-008 354.736 1.94426e-010

-411.011 30.954 -553.9
4.42717e-008 354.768 1.94416e-010

-410.943 30.954 -554.646
4.42716e-008 354.799 1.94407e-010

-410.875 30.954 -555.393
4.42715e-008 354.83 1.94397e-010

-410.808 30.954 -556.14
4.42714e-008 354.861 1.94388e-010

-410.741 30.954 -556.887
4.42713e-008 354.893 1.94378e-010

-410.675 30.954 -557.635
4.42711e-008 354.924 1.94369e-010

-410.609 30.954 -558.382
4.4271e-008 354.955 1.94359e-010

-410.544 30.954 -559.129
4.42709e-008 354.985 1.9435e-010

-410.478 30.954 -559.876
4.42708e-008 355.015 1.94342e-010

-410.414 30.954 -560.623
4.42707e-008 355.044 1.94333e-010

-410.349 30.954 -561.37
4.42706e-008 355.072 1.94325e-010

-410.285 30.954 -562.118
4.42706e-008 355.101 1.94316e-010

-410.221 30.954 -562.865
4.42705e-008 355.129 1.94308e-010

-410.158 30.954 -563.612
4.42704e-008 355.157 1.943e-010

-410.095 30.954 -564.36
4.42703e-008 355.185 1.94292e-010

-410.033 30.954 -565.107
4.42702e-008 355.213 1.94284e-010

-409.97 30.954 -565.854
4.42701e-008 355.241 1.94276e-010

-409.908 30.954 -566.602
4.427e-008 355.269 1.94268e-010

-409.847 30.954 -567.349
4.42699e-008 355.298 1.9426e-010

-409.786 30.954 -568.097
4.42698e-008 355.326 1.94252e-010

-409.725 30.954 -568.844
4.42697e-008 355.354 1.94245e-010

-409.665 30.954 -569.592
4.42696e-008 355.382 1.94237e-010

-409.604 30.954 -570.343
4.42695e-008 355.41 1.94229e-010

-409.544 30.954 -571.095
4.42694e-008 355.438 1.94222e-010

-409.485 30.954 -571.846
4.42693e-008 355.466 1.94214e-010

-409.426 30.954 -572.598
4.42692e-008 355.494 1.94207e-010

-409.367 30.954 -573.35
4.42691e-008 355.523 1.94199e-010

-409.308 30.954 -574.101
4.4269e-008 355.551 1.94192e-010

-409.25 30.954 -574.853
4.42689e-008 355.579 1.94184e-010

-409.192 30.954 -575.605
4.42688e-008 355.607 1.94177e-010

-409.135 30.954 -576.356
4.42687e-008 355.635 1.9417e-010

-409.078 30.954 -577.108
4.42686e-008 355.663 1.94162e-010

-409.021 30.954 -577.86
4.42685e-008 355.691 1.94155e-010

-408.965 30.954 -578.612
4.42684e-008 355.72 1.94148e-010

-408.909 30.954 -579.364
4.42683e-008 355.748 1.94141e-010

-408.854 30.954 -580.115
4.42682e-008 355.776 1.94134e-010

-408.798 30.954 -580.867
4.42682e-008 355.804 1.94127e-010

-408.744 30.954 -581.619
4.42681e-008 355.832 1.9412e-010

-408.689 30.954 -582.371
4.4268e-008 355.86 1.94113e-010

-408.635 30.954 -583.123
4.42679e-008 355.888 1.94106e-010

-408.582 30.954 -583.875
4.42678e-008 355.917 1.94099e-010

-408.528 30.954 -584.627
4.42677e-008 355.945 1.94092e-010

-408.475 30.954 -585.379
4.42676e-008 355.973 1.94086e-010

-408.423 30.954 -586.131
4.42675e-008 356.001 1.94079e-010

-408.37 30.954 -586.883
4.42674e-008 356.029 1.94072e-010

-408.319 30.954 -587.635
4.42673e-008 356.057 1.94066e-010

-408.267 30.954 -588.388
4.42672e-008 356.085 1.94059e-010

-408.216 30.954 -589.14
4.42671e-008 356.113 1.94053e-010

-408.165 30.954 -589.892
4.4267e-008 356.142 1.94046e-010

-408.115 30.954 -590.644
4.42669e-008 356.17 1.9404e-010

-408.065 30.954 -591.396
4.42668e-008 356.198 1.94034e-010

-408.015 30.954 -592.149
4.42667e-008 356.226 1.94027e-010

-407.966 30.954 -592.901
4.42666e-008 356.254 1.94021e-010

-407.917 30.954 -593.653
4.42665e-008 356.282 1.94015e-010

-407.869 30.954 -594.406
4.42664e-008 356.31 1.94009e-010

-407.821 30.954 -595.158
4.42663e-008 356.339 1.94002e-010

-407.773 30.954 -595.91
4.42662e-008 356.367 1.93996e-010

-407.725 30.954 -596.663
4.42662e-008 356.395 1.9399e-010

-407.678 30.954 -597.415
4.42661e-008 356.423 1.93984e-010

-407.632 30.954 -598.168
4.4266e-008 356.451 1.93978e-010

-407.585 30.954 -598.92
4.42659e-008 356.479 1.93973e-010

-407.539 30.954 -599.673
4.42658e-008 356.507 1.93967e-010

-407.494 30.954 -600.425
4.42657e-008 356.536 1.93961e-010

-407.449 30.954 -601.178
4.42656e-008 356.564 1.93955e-010

-407.404 30.954 -601.93
4.42655e-008 356.592 1.9395e-010

-407.359 30.954 -602.683
4.42654e-008 356.62 1.93944e-010

-407.315 30.954 -603.436
4.42653e-008 356.648 1.93938e-010

-407.272 30.954 -604.188
4.42652e-008 356.676 1.93933e-010

-407.228 30.954 -604.941
4.42651e-008 356.704 1.93927e-010

-407.185 30.954 -605.694
4.4265e-008 356.733 1.93922e-010

-407.143 30.954 -606.446
4.42649e-008 356.761 1.93916e-010

-407.101 30.954 -607.199
4.42648e-008 356.789 1.93911e-010

-407.059 30.954 -607.952
4.42647e-008 356.817 1.93906e-010

-407.017 30.954 -608.705
4.42646e-008 356.845 1.939e-010

-406.976 30.954 -609.457
4.42645e-008 356.873 1.93895e-010

-406.935 30.954 -610.21
4.42644e-008 356.901 1.9389e-010

-406.895 30.954 -610.963
4.42643e-008 356.929 1.93885e-010

-406.855 30.954 -611.716
4.42642e-008 356.958 1.9388e-010

-406.815 30.954 -612.469
4.42642e-008 356.986 1.93875e-010

-406.776 30.954 -613.222
4.42641e-008 357.014 1.9387e-010

-406.737 30.954 -613.975
4.4264e-008 357.042 1.93865e-010

-406.699 30.954 -614.727
4.42639e-008 357.07 1.9386e-010

-406.66 30.954 -615.48
4.42638e-008 357.098 1.93855e-010

-406.623 30.954 -616.233
4.42637e-008 357.126 1.9385e-010

-406.585 30.954 -616.986
4.42636e-008 357.155 1.93846e-010

-406.548 30.954 -617.739
4.42635e-008 357.183 1.93841e-010

-406.511 30.954 -618.492
4.42634e-008 357.211 1.93836e-010

-406.475 30.954 -619.245
4.42633e-008 357.239 1.93832e-010

-406.439 30.954 -619.998
4.42632e-008 357.267 1.93827e-010

-406.404 30.954 -620.751
4.42631e-008 357.295 1.93822e-010

-406.368 30.954 -621.505
4.4263e-008 357.323 1.93818e-010

-406.333 30.954 -622.258
4.42629e-008 357.352 1.93814e-010

-406.299 30.954 -623.011
4.42628e-008 357.38 1.93809e-010

-406.265 30.954 -623.764
4.42627e-008 357.408 1.93805e-010

-406.231 30.954 -624.517
4.42626e-008 357.436 1.93801e-010

-406.198 30.954 -625.27
4.42625e-008 357.464 1.93796e-010

-406.165 30.954 -626.023
4.42624e-008 357.492 1.93792e-010

-406.132 30.954 -626.777
4.42623e-008 357.52 1.93788e-010

-406.1 30.954 -627.53
4.42622e-008 357.548 1.93784e-010

-406.068 30.954 -628.283
4.42621e-008 357.577 1.9378e-010

-406.037 30.954 -629.036
4.42621e-008 357.605 1.93776e-010

-406.005 30.954 -629.79
4.4262e-008 357.633 1.93772e-010

-405.975 30.954 -630.543
4.42619e-008 357.664 1.93768e-010

-405.945 30.954 -631.294
4.42617e-008 357.699 1.93763e-010

-405.915 30.954 -632.046
4.42616e-008 357.733 1.93758e-010

-405.886 30.954 -632.797
4.42615e-008 357.769 1.93753e-010

-405.857 30.954 -633.548
4.42614e-008 357.806 1.93749e-010

-405.828 30.954 -634.3
4.42612e-008 357.844 1.93744e-010

-405.801 30.954 -635.051
4.42611e-008 357.881 1.93739e-010

-405.773 30.954 -635.803
4.4261e-008 357.919 1.93734e-010

-405.747 30.954 -636.554
4.42609e-008 357.956 1.9373e-010

-405.72 30.954 -637.306
4.42607e-008 357.995 1.93725e-010

-405.694 30.954 -638.057
4.42606e-008 358.034 1.93721e-010

-405.669 30.954 -638.809
4.42605e-008 358.074 1.93716e-010

-405.644 30.954 -639.56
4.42603e-008 358.113 1.93712e-010

-405.62 30.954 -640.312
4.42602e-008 358.152 1.93707e-010

-405.596 30.954 -641.063
4.42601e-008 358.191 1.93703e-010

-405.573 30.954 -641.815
4.42599e-008 358.23 1.93699e-010

-405.55 30.954 -642.567
4.42598e-008 358.269 1.93695e-010

-405.528 30.954 -643.318
4.42597e-008 358.308 1.93691e-010

-405.507 30.954 -644.07
4.42596e-008 358.347 1.93687e-010

-405.485 30.954 -644.821
4.42594e-008 358.386 1.93683e-010

-405.465 30.954 -645.573
4.42593e-008 358.425 1.9368e-010

-405.445 30.954 -646.325
4.42592e-008 358.464 1.93676e-010

-405.425 30.954 -647.077
4.4259e-008 358.503 1.93673e-010

-405.406 30.954 -647.828
4.42589e-008 358.542 1.93669e-010

-405.387 30.954 -648.58
4.42588e-008 358.581 1.93666e-010

-405.369 30.954 -649.332
4.42586e-008 358.62 1.93663e-010

-405.352 30.954 -650.083
4.42585e-008 358.659 1.9366e-010

-405.334 30.954 -650.835
4.42584e-008 358.699 1.93657e-010

-405.318 30.954 -651.587
4.42582e-008 358.738 1.93654e-010

-405.302 30.954 -652.339
4.42581e-008 358.777 1.93651e-010

-405.286 30.954 -653.091
4.4258e-008 358.816 1.93648e-010

-405.271 30.954 -653.842
4.42578e-008 358.855 1.93645e-010

-405.257 30.954 -654.594
4.42577e-008 358.894 1.93643e-010

-405.243 30.954 -655.346
4.42576e-008 358.933 1.9364e-010

-405.229 30.954 -656.098
4.42574e-008 358.972 1.93638e-010

-405.216 30.954 -656.85
4.42573e-008 359.011 1.93635e-010

-405.204 30.954 -657.602
4.42572e-008 359.052 1.93633e-010

-405.192 30.954 -658.353
4.4257e-008 359.092 1.93631e-010

-405.181 30.954 -659.105
4.42569e-008 359.133 1.93629e-010

-405.17 30.954 -659.857
4.42568e-008 359.174 1.93627e-010

-405.159 30.954 -660.609
4.42566e-008 359.214 1.93625e-010

-405.15 30.954 -661.361
4.42565e-008 359.255 1.93623e-010

-405.14 30.954 -662.113
4.42564e-008 359.295 1.93621e-010

-405.132 30.954 -662.865
4.42562e-008 359.336 1.9362e-010

-405.123 30.954 -663.617
4.42561e-008 359.377 1.93618e-010

-405.116 30.954 -664.368
4.42559e-008 359.417 1.93617e-010

-405.109 30.954 -665.12
4.42558e-008 359.458 1.93615e-010

-405.102 30.954 -665.872
4.42557e-008 359.498 1.93614e-010

-405.096 30.954 -666.624
4.42555e-008 359.539 1.93613e-010

-405.091 30.954 -667.376
4.42554e-008 359.58 1.93612e-010

-405.086 30.954 -668.128
4.42553e-008 359.62 1.93611e-010

-405.081 30.954 -668.88
4.42551e-008 359.661 1.9361e-010

-405.077 30.954 -669.632
4.4255e-008 359.702 1.93609e-010

-405.074 30.954 -670.384
4.42548e-008 359.742 1.93609e-010

-405.071 30.954 -671.136
4.42547e-008 359.783 1.93608e-010

-405.069 30.954 -671.888
4.42546e-008 359.823 1.93608e-010

-405.067 30.954 -672.64
4.42544e-008 359.864 1.93607e-010

-405.066 30.954 -673.392
4.42543e-008 359.905 1.93607e-010

-405.065 30.954 -674.144
4.42542e-008 359.945 1.93607e-010

-405.065 30.954 -674.896
4.4254e-008 359.986 1.93607e-010

-405.065 30.954 -675.648
4.42539e-008 0.0265259 1.93607e-010

-405.066 30.954 -676.4
4.42538e-008 0.0671509 1.93607e-010

-405.067 30.954 -677.152
4.42536e-008 0.107776 1.93607e-010

-405.069 30.954 -677.904
4.42535e-008 0.148401 1.93607e-010

-405.072 30.954 -678.656
4.42533e-008 0.189026 1.93608e-010

-405.075 30.954 -679.407
4.42532e-008 0.229651 1.93608e-010

-405.078 30.954 -680.159
4.42531e-008 0.270276 1.93609e-010

-405.082 30.954 -680.911
4.42529e-008 0.310901 1.93609e-010

-405.087 30.954 -681.663
4.42528e-008 0.351526 1.9361e-010

-405.092 30.954 -682.415
4.42527e-008 0.392151 1.93611e-010

-405.098 30.954 -683.167
4.42525e-008 0.432776 1.93612e-010

-405.104 30.954 -683.919
4.42524e-008 0.473401 1.93613e-010

-405.111 30.954 -684.671
4.42522e-008 0.514026 1.93614e-010

-405.118 30.954 -685.423
4.42521e-008 0.554651 1.93616e-010

-405.126 30.954 -686.175
4.4252e-008 0.595276 1.93617e-010

-405.134 30.954 -686.927
4.42518e-008 0.635901 1.93619e-010

-405.143 30.954 -687.679
4.42517e-008 0.676526 1.9362e-010

-405.153 30.954 -688.431
4.42516e-008 0.717151 1.93622e-010

-405.153 30.954 -688.431
4.42516e-008 0.717151 1.93622e-010

-405.153 30.954 -688.431
4.42516e-008 0.717151 1.93622e-010

-405.153 30.954 -688.431
4.42516e-008 0.717151 1.93622e-010

-405.153 30.954 -688.431
4.42516e-008 0.717151 1.93622e-010

-405.153 30.954 -688.431
4.42516e-008 0.717151 1.93622e-010

-405.153 30.954 -688.431
4.42516e-008 0.717151 1.93622e-010

-405.153 30.954 -688.431
4.42516e-008 0.717151 1.93622e-010

-405.153 30.954 -688.431
4.42516e-008 0.717151 1.93622e-010

-405.153 30.954 -688.431
4.42516e-008 0.717151 1.93622e-010

-405.153 30.954 -688.431
4.42516e-008 0.717151 1.93622e-010

-405.153 30.954 -688.431
4.42516e-008 0.717151 1.93622e-010

-405.153 30.954 -688.431
4.42516e-008 0.717151 1.93622e-010

-405.153 30.954 -688.431
4.42516e-008 0.717151 1.93622e-010

-405.153 30.954 -688.431
4.42516e-008 0.717151 1.93622e-010

-405.153 30.954 -688.431
4.42516e-008 0.717151 1.93622e-010

-405.153 30.954 -688.431
4.42516e-008 0.717151 1.93622e-010

-405.153 30.954 -688.431
4.42516e-008 0.717151 1.93622e-010

-405.153 30.954 -688.431
4.42516e-008 0.717151 1.93622e-010

-405.153 30.954 -688.431
4.42516e-008 0.717151 1.93622e-010

-405.153 30.954 -688.431
4.42516e-008 0.717151 1.93622e-010

-405.153 30.954 -688.431
4.42516e-008 0.717151 1.93622e-010

-405.153 30.954 -688.431
4.42516e-008 0.717151 1.93622e-010

-405.153 30.954 -688.431
4.42516e-008 0.717151 1.93622e-010

-405.153 30.954 -688.431
4.42516e-008 0.717151 1.93622e-010

-405.153 30.954 -688.431
4.42516e-008 0.717151 1.93622e-010

-405.153 30.954 -688.431
4.42516e-008 0.717151 1.93622e-010

-405.153 30.954 -688.431
4.42516e-008 0.717151 1.93622e-010

-405.153 30.954 -688.431
4.42516e-008 0.717151 1.93622e-010

-405.153 30.954 -688.431
4.42516e-008 0.717151 1.93622e-010

-405.153 30.954 -688.431
4.42516e-008 0.717151 1.93622e-010

-405.153 30.954 -688.431
4.42516e-008 0.717151 1.93622e-010

-405.153 30.954 -688.431
4.42516e-008 0.717151 1.93622e-010

-405.153 30.954 -688.431
4.42516e-008 0.717151 1.93622e-010

-405.153 30.954 -688.431
4.42516e-008 0.717151 1.93622e-010

-405.153 30.954 -688.431
4.42516e-008 0.717151 1.93622e-010

-405.153 30.954 -688.431
4.42516e-008 0.717151 1.93622e-010

-405.153 30.954 -688.431
4.42516e-008 0.717151 1.93622e-010

-405.153 30.954 -688.431
4.42516e-008 0.717151 1.93622e-010

-405.153 30.954 -688.431
4.42516e-008 0.717151 1.93622e-010

-405.153 30.954 -688.431
4.42516e-008 0.717151 1.93622e-010

-405.153 30.954 -688.431
4.42516e-008 0.717151 1.93622e-010

-405.153 30.954 -688.431
4.42516e-008 0.717151 1.93622e-010

-405.153 30.954 -688.431
4.42516e-008 0.717151 1.93622e-010

-405.153 30.954 -688.431
4.42516e-008 0.717151 1.93622e-010

-405.153 30.954 -688.431
4.42516e-008 0.717151 1.93622e-010

-405.153 30.954 -688.431
4.42516e-008 0.717151 1.93622e-010

-405.153 30.954 -688.431
4.42516e-008 0.717151 1.93622e-010

-405.153 30.954 -688.431
4.42516e-008 0.717151 1.93622e-010

-405.153 30.954 -688.431
4.42516e-008 0.717151 1.93622e-010

-405.153 30.954 -688.431
4.42516e-008 0.717151 1.93622e-010

-405.153 30.954 -688.431
4.42516e-008 0.717151 1.93622e-010

-405.153 30.954 -688.431
4.42516e-008 0.717151 1.93622e-010

-405.153 30.954 -688.431
4.42516e-008 0.717151 1.93622e-010

-405.153 30.954 -688.431
4.42516e-008 0.717151 1.93622e-010

-405.153 30.954 -688.431
4.42516e-008 0.717151 1.93622e-010

-405.153 30.954 -688.431
4.42516e-008 0.717151 1.93622e-010

-405.153 30.954 -688.431
4.42516e-008 0.717151 1.93622e-010

-405.153 30.954 -688.431
4.42516e-008 0.717151 1.93622e-010

-405.153 30.954 -688.431
4.42516e-008 0.717151 1.93622e-010

-405.153 30.954 -688.431
4.42516e-008 0.717151 1.93622e-010

-405.153 30.954 -688.431
4.42516e-008 0.717151 1.93622e-010

-405.153 30.954 -688.431
4.42516e-008 0.717151 1.93622e-010

-405.153 30.954 -688.431
4.42516e-008 0.717151 1.93622e-010

-405.153 30.954 -688.431
4.42516e-008 0.717151 1.93622e-010

-405.153 30.954 -688.431
4.42516e-008 0.717151 1.93622e-010

-405.153 30.954 -688.431
4.42516e-008 0.717151 1.93622e-010

-405.153 30.954 -688.431
4.42516e-008 0.717151 1.93622e-010

-405.153 30.954 -688.431
4.42516e-008 0.717151 1.93622e-010

-405.153 30.954 -688.431
4.42516e-008 0.717151 1.93622e-010

-405.153 30.954 -688.431
4.42516e-008 0.717151 1.93622e-010

-405.153 30.954 -688.431
4.42516e-008 0.717151 1.93622e-010

-405.153 30.954 -688.431
4.42516e-008 0.717151 1.93622e-010

-405.153 30.954 -688.431
4.42516e-008 0.717151 1.93622e-010

-405.153 30.954 -688.431
4.42516e-008 0.717151 1.93622e-010

-405.153 30.954 -688.431
4.42516e-008 0.717151 1.93622e-010

-405.153 30.954 -688.431
4.42516e-008 0.717151 1.93622e-010

-405.153 30.954 -688.431
4.42516e-008 0.717151 1.93622e-010

-405.153 30.954 -688.431
4.42516e-008 0.717151 1.93622e-010

-405.153 30.954 -688.431
4.42516e-008 0.717151 1.93622e-010

-405.153 30.954 -688.431
4.42516e-008 0.717151 1.93622e-010

-405.153 30.954 -688.431
4.42516e-008 0.717151 1.93622e-010

-405.153 30.954 -688.431
4.42516e-008 0.717151 1.93622e-010

-405.153 30.954 -688.431
4.42516e-008 0.717151 1.93622e-010

-405.153 30.954 -688.431
4.42516e-008 0.717151 1.93622e-010

-405.153 30.954 -688.431
4.42516e-008 0.717151 1.93622e-010

-405.153 30.954 -688.431
4.42516e-008 0.717151 1.93622e-010

-405.153 30.954 -688.431
4.42516e-008 0.717151 1.93622e-010

-405.153 30.954 -688.431
4.42516e-008 0.717151 1.93622e-010

-405.153 30.954 -688.431
4.42516e-008 0.717151 1.93622e-010

-405.153 30.954 -688.431
4.42516e-008 0.717151 1.93622e-010

-405.153 30.954 -688.431
4.42516e-008 0.717151 1.93622e-010

-405.153 30.954 -688.431
4.42516e-008 0.717151 1.93622e-010

-405.153 30.954 -688.431
4.42516e-008 0.717151 1.93622e-010

-405.153 30.954 -688.431
4.42516e-008 0.717151 1.93622e-010

-405.153 30.954 -688.431
4.42516e-008 0.717151 1.93622e-010

-405.153 30.954 -688.431
4.42516e-008 0.717151 1.93622e-010

-405.153 30.954 -688.431
4.42516e-008 0.717151 1.93622e-010

-405.153 30.954 -688.431
4.42516e-008 0.717151 1.93622e-010

-405.153 30.954 -688.431
4.42516e-008 0.717151 1.93622e-010

-405.153 30.954 -688.431
4.42516e-008 0.717151 1.93622e-010

-405.153 30.954 -688.431
4.42516e-008 0.717151 1.93622e-010

-405.153 30.954 -688.431
4.42516e-008 0.717151 1.93622e-010

-405.153 30.954 -688.431
4.42516e-008 0.717151 1.93622e-010

-405.153 30.954 -688.431
4.42516e-008 0.717151 1.93622e-010

-405.153 30.954 -688.431
4.42516e-008 0.717151 1.93622e-010

-405.153 30.954 -688.431
4.42516e-008 0.717151 1.93622e-010

-405.153 30.954 -688.431
4.42516e-008 0.717151 1.93622e-010

-405.153 30.954 -688.431
4.42516e-008 0.717151 1.93622e-010

-405.153 30.954 -688.431
4.42516e-008 0.717151 1.93622e-010

-405.153 30.954 -688.431
4.42516e-008 0.717151 1.93622e-010

-405.153 30.954 -688.431
4.42516e-008 0.717151 1.93622e-010

-405.153 30.954 -688.431
4.42516e-008 0.717151 1.93622e-010

-405.153 30.954 -688.431
4.42516e-008 0.717151 1.93622e-010

-405.153 30.954 -688.431
4.42516e-008 0.717151 1.93622e-010

-405.153 30.954 -688.431
4.42516e-008 0.717151 1.93622e-010

-405.153 30.954 -688.431
4.42516e-008 0.717151 1.93622e-010

-405.153 30.954 -688.431
4.42516e-008 0.717151 1.93622e-010

-405.153 30.954 -688.431
4.42516e-008 0.717151 1.93622e-010

-405.153 30.954 -688.431
4.42516e-008 0.717151 1.93622e-010

-405.153 30.954 -688.431
4.42516e-008 0.717151 1.93622e-010

-405.153 30.954 -688.431
4.42516e-008 0.717151 1.93622e-010

-405.153 30.954 -688.431
4.42516e-008 0.717151 1.93622e-010

