1430

-2635.21 30.954 853.822
180 277.136 180

-2634.86 30.954 853.866
180 277.105 180

-2634.51 30.954 853.91
180 277.074 180

-2634.16 30.954 853.953
180 277.042 180

-2633.81 30.954 853.997
180 277.011 180

-2633.45 30.954 854.04
180 276.98 180

-2633.09 30.954 854.084
180 276.949 180

-2632.73 30.954 854.128
180 276.917 180

-2632.36 30.954 854.173
180 276.886 180

-2631.98 30.954 854.218
180 276.855 180

-2631.6 30.954 854.263
180 276.824 180

-2631.22 30.954 854.309
180 276.792 180

-2630.84 30.954 854.354
180 276.761 180

-2630.45 30.954 854.4
180 276.73 180

-2630.07 30.954 854.445
180 276.699 180

-2629.68 30.954 854.49
180 276.667 180

-2629.29 30.954 854.535
180 276.636 180

-2628.9 30.954 854.581
180 276.606 180

-2628.5 30.954 854.627
180 276.577 180

-2628.1 30.954 854.673
180 276.548 180

-2627.69 30.954 854.719
180 276.52 180

-2627.28 30.954 854.766
180 276.492 180

-2626.87 30.954 854.813
180 276.466 180

-2626.46 30.954 854.859
180 276.441 180

-2626.04 30.954 854.906
180 276.416 180

-2625.62 30.954 854.953
180 276.391 180

-2625.2 30.954 855
180 276.366 180

-2624.78 30.954 855.047
180 276.342 180

-2624.35 30.954 855.094
180 276.319 180

-2623.92 30.954 855.142
180 276.295 180

-2623.49 30.954 855.189
180 276.274 180

-2623.05 30.954 855.237
180 276.252 180

-2622.62 30.954 855.285
180 276.23 180

-2622.17 30.954 855.333
180 276.208 180

-2621.73 30.954 855.381
180 276.186 180

-2621.29 30.954 855.428
180 276.164 180

-2620.85 30.954 855.476
180 276.139 180

-2620.4 30.954 855.524
180 276.114 180

-2619.96 30.954 855.572
180 276.089 180

-2619.51 30.954 855.619
180 276.064 180

-2619.06 30.954 855.666
180 276.039 180

-2618.61 30.954 855.714
180 276.014 180

-2618.16 30.954 855.761
180 275.986 180

-2617.72 30.954 855.807
180 275.958 180

-2617.26 30.954 855.854
180 275.93 180

-2616.81 30.954 855.901
180 275.898 180

-2616.35 30.954 855.948
180 275.867 180

-2615.89 30.954 855.995
180 275.833 180

-2615.43 30.954 856.042
180 275.795 180

-2614.96 30.954 856.089
180 275.755 180

-2614.49 30.954 856.136
180 275.711 180

-2614.02 30.954 856.184
180 275.664 180

-2613.54 30.954 856.231
180 275.617 180

-2613.05 30.954 856.278
180 275.57 180

-2612.56 30.954 856.325
180 275.523 180

-2612.07 30.954 856.372
180 275.477 180

-2611.58 30.954 856.419
180 275.43 180

-2611.08 30.954 856.466
180 275.383 180

-2610.58 30.954 856.513
180 275.336 180

-2610.08 30.954 856.559
180 275.289 180

-2609.58 30.954 856.605
180 275.242 180

-2609.08 30.954 856.651
180 275.195 180

-2608.58 30.954 856.696
180 275.149 180

-2608.08 30.954 856.74
180 275.102 180

-2607.58 30.954 856.784
180 275.055 180

-2607.08 30.954 856.828
180 275.008 180

-2606.58 30.954 856.872
180 274.961 180

-2606.08 30.954 856.915
180 274.914 180

-2605.58 30.954 856.957
180 274.867 180

-2605.08 30.954 856.999
180 274.821 180

-2604.58 30.954 857.041
180 274.774 180

-2604.08 30.954 857.083
180 274.728 180

-2603.57 30.954 857.124
180 274.683 180

-2603.07 30.954 857.165
180 274.638 180

-2602.57 30.954 857.205
180 274.592 180

-2602.07 30.954 857.245
180 274.549 180

-2601.56 30.954 857.285
180 274.505 180

-2601.06 30.954 857.324
180 274.461 180

-2600.56 30.954 857.363
180 274.418 180

-2600.06 30.954 857.401
180 274.375 180

-2599.55 30.954 857.439
180 274.333 180

-2599.05 30.954 857.477
180 274.291 180

-2598.55 30.954 857.515
180 274.25 180

-2598.04 30.954 857.552
180 274.21 180

-2597.53 30.954 857.589
180 274.169 180

-2597.03 30.954 857.625
180 274.128 180

-2596.52 30.954 857.662
180 274.088 180

-2596.01 30.954 857.697
180 274.047 180

-2595.51 30.954 857.733
180 274.007 180

-2595 30.954 857.768
180 273.966 180

-2594.49 30.954 857.803
180 273.925 180

-2593.99 30.954 857.837
180 273.885 180

-2593.48 30.954 857.871
180 273.846 180

-2592.97 30.954 857.905
180 273.807 180

-2592.47 30.954 857.938
180 273.768 180

-2591.96 30.954 857.971
180 273.728 180

-2591.45 30.954 858.004
180 273.689 180

-2590.95 30.954 858.036
180 273.65 180

-2590.44 30.954 858.068
180 273.611 180

-2589.93 30.954 858.1
180 273.572 180

-2589.42 30.954 858.132
180 273.535 180

-2588.91 30.954 858.163
180 273.497 180

-2588.4 30.954 858.194
180 273.46 180

-2587.89 30.954 858.224
180 273.422 180

-2587.38 30.954 858.254
180 273.385 180

-2586.87 30.954 858.284
180 273.347 180

-2586.36 30.954 858.314
180 273.31 180

-2585.85 30.954 858.343
180 273.272 180

-2585.34 30.954 858.372
180 273.235 180

-2584.82 30.954 858.4
180 273.197 180

-2584.31 30.954 858.429
180 273.16 180

-2583.8 30.954 858.457
180 273.123 180

-2583.29 30.954 858.484
180 273.085 180

-2582.78 30.954 858.511
180 273.048 180

-2582.27 30.954 858.538
180 273.01 180

-2581.76 30.954 858.565
180 272.973 180

-2581.25 30.954 858.591
180 272.935 180

-2580.74 30.954 858.617
180 272.898 180

-2580.23 30.954 858.642
180 272.86 180

-2579.71 30.954 858.667
180 272.823 180

-2579.2 30.954 858.692
180 272.785 180

-2578.69 30.954 858.717
180 272.748 180

-2578.18 30.954 858.741
180 272.71 180

-2577.67 30.954 858.765
180 272.673 180

-2577.16 30.954 858.788
180 272.635 180

-2576.65 30.954 858.812
180 272.598 180

-2576.14 30.954 858.834
180 272.56 180

-2575.63 30.954 858.857
180 272.523 180

-2575.11 30.954 858.879
180 272.486 180

-2574.6 30.954 858.901
180 272.448 180

-2574.09 30.954 858.923
180 272.411 180

-2573.58 30.954 858.944
180 272.373 180

-2573.07 30.954 858.965
180 272.336 180

-2572.56 30.954 858.985
180 272.298 180

-2572.05 30.954 859.005
180 272.261 180

-2571.54 30.954 859.025
180 272.223 180

-2571.02 30.954 859.045
180 272.186 180

-2570.51 30.954 859.064
180 272.148 180

-2570 30.954 859.083
180 272.111 180

-2569.49 30.954 859.101
180 272.073 180

-2568.98 30.954 859.119
180 272.036 180

-2568.47 30.954 859.137
180 271.999 180

-2567.96 30.954 859.155
180 271.961 180

-2567.44 30.954 859.172
180 271.924 180

-2566.93 30.954 859.189
180 271.886 180

-2566.42 30.954 859.205
180 271.849 180

-2565.91 30.954 859.221
180 271.811 180

-2565.4 30.954 859.237
180 271.774 180

-2564.89 30.954 859.253
180 271.736 180

-2564.37 30.954 859.268
180 271.699 180

-2563.86 30.954 859.283
180 271.661 180

-2563.35 30.954 859.297
180 271.624 180

-2562.84 30.954 859.312
180 271.586 180

-2562.33 30.954 859.325
180 271.549 180

-2561.82 30.954 859.339
180 271.512 180

-2561.31 30.954 859.352
180 271.474 180

-2560.79 30.954 859.365
180 271.437 180

-2560.28 30.954 859.377
180 271.399 180

-2559.77 30.954 859.39
180 271.362 180

-2559.26 30.954 859.401
180 271.324 180

-2558.75 30.954 859.413
180 271.287 180

-2558.24 30.954 859.424
180 271.249 180

-2557.73 30.954 859.435
180 271.212 180

-2557.21 30.954 859.445
180 271.175 180

-2556.7 30.954 859.455
180 271.137 180

-2556.19 30.954 859.465
180 271.1 180

-2555.68 30.954 859.475
180 271.062 180

-2555.17 30.954 859.484
180 271.025 180

-2554.65 30.954 859.493
180 270.988 180

-2554.14 30.954 859.501
180 270.95 180

-2553.63 30.954 859.509
180 270.913 180

-2553.12 30.954 859.517
180 270.875 180

-2552.61 30.954 859.525
180 270.838 180

-2552.1 30.954 859.532
180 270.8 180

-2551.58 30.954 859.539
180 270.763 180

-2551.07 30.954 859.545
180 270.726 180

-2550.56 30.954 859.551
180 270.688 180

-2550.05 30.954 859.557
180 270.651 180

-2549.54 30.954 859.563
180 270.614 180

-2549.03 30.954 859.568
180 270.576 180

-2548.51 30.954 859.573
180 270.539 180

-2548 30.954 859.577
180 270.502 180

-2547.49 30.954 859.581
180 270.464 180

-2546.98 30.954 859.585
180 270.427 180

-2546.47 30.954 859.588
180 270.39 180

-2545.96 30.954 859.592
180 270.352 180

-2545.44 30.954 859.594
180 270.315 180

-2544.93 30.954 859.597
0 270.278 1.11087e-013

-2544.42 30.954 859.599
0 270.241 7.62806e-014

-2543.91 30.954 859.601
0 270.204 4.14738e-014

-2543.4 30.954 859.602
0 270.167 6.66694e-015

-2542.89 30.954 859.603
0 270.13 360

-2542.37 30.954 859.604
0 270.095 360

-2541.86 30.954 859.605
0 270.063 360

-2541.35 30.954 859.605
0 270.04 360

-2540.84 30.954 859.605
0 270.044 360

-2540.33 30.954 859.604
0 270.071 360

-2539.81 30.954 859.603
0 270.107 360

-2539.3 30.954 859.602
0 270.143 360

-2538.79 30.954 859.601
0 270.179 360

-2538.28 30.954 859.599
0 270.216 360

-2537.77 30.954 859.596
0 270.253 360

-2537.26 30.954 859.594
360 270.289 360

-2536.74 30.954 859.591
1.71451e-008 270.327 1.71452e-008

-2536.23 30.954 859.588
1.53805e-008 270.365 1.53805e-008

-2535.72 30.954 859.584
1.39467e-008 270.403 1.39468e-008

-2535.21 30.954 859.58
1.27581e-008 270.44 1.27582e-008

-2534.7 30.954 859.576
1.17564e-008 270.478 1.17566e-008

-2534.19 30.954 859.571
1.09006e-008 270.516 1.09008e-008

-2533.67 30.954 859.566
1.01614e-008 270.553 1.01616e-008

-2533.16 30.954 859.561
9.51627e-009 270.591 9.51652e-009

-2532.65 30.954 859.556
8.94828e-009 270.628 8.94857e-009

-2532.14 30.954 859.55
8.44433e-009 270.666 8.44465e-009

-2531.63 30.954 859.543
7.9941e-009 270.704 7.99446e-009

-2531.12 30.954 859.537
7.58958e-009 270.741 7.58996e-009

-2530.6 30.954 859.53
7.22408e-009 270.779 7.22449e-009

-2530.09 30.954 859.523
6.89219e-009 270.816 6.89264e-009

-2529.58 30.954 859.515
6.58948e-009 270.854 6.58996e-009

-2529.07 30.954 859.507
6.31222e-009 270.892 6.31273e-009

-2528.56 30.954 859.499
6.0574e-009 270.929 6.05795e-009

-2528.05 30.954 859.49
5.82237e-009 270.967 5.82295e-009

-2527.53 30.954 859.481
5.60492e-009 271.004 5.60553e-009

-2527.02 30.954 859.472
5.40312e-009 271.042 5.40376e-009

-2526.51 30.954 859.462
5.21535e-009 271.079 5.21602e-009

-2526 30.954 859.452
5.04021e-009 271.117 5.04091e-009

-2525.49 30.954 859.442
4.87645e-009 271.155 4.8772e-009

-2524.98 30.954 859.431
4.72301e-009 271.192 4.72379e-009

-2524.46 30.954 859.42
4.57894e-009 271.23 4.57974e-009

-2523.95 30.954 859.409
4.44338e-009 271.267 4.44422e-009

-2523.44 30.954 859.397
4.31563e-009 271.305 4.3165e-009

-2522.93 30.954 859.385
4.19502e-009 271.342 4.19593e-009

-2522.42 30.954 859.373
4.08098e-009 271.38 4.08191e-009

-2521.91 30.954 859.36
3.97297e-009 271.417 3.97394e-009

-2521.39 30.954 859.347
3.87053e-009 271.455 3.87153e-009

-2520.88 30.954 859.334
3.77324e-009 271.493 3.77427e-009

-2520.37 30.954 859.32
3.68072e-009 271.53 3.68179e-009

-2519.86 30.954 859.306
3.59264e-009 271.568 3.59373e-009

-2519.35 30.954 859.292
3.50866e-009 271.605 3.50979e-009

-2518.84 30.954 859.277
3.42853e-009 271.643 3.42969e-009

-2518.33 30.954 859.262
3.35197e-009 271.68 3.35316e-009

-2517.81 30.954 859.247
3.27876e-009 271.718 3.27998e-009

-2517.3 30.954 859.231
3.20867e-009 271.755 3.20993e-009

-2516.79 30.954 859.215
3.14152e-009 271.793 3.14281e-009

-2516.28 30.954 859.199
3.07712e-009 271.83 3.07845e-009

-2515.77 30.954 859.182
3.01531e-009 271.868 3.01666e-009

-2515.26 30.954 859.165
2.95593e-009 271.906 2.95732e-009

-2514.75 30.954 859.148
2.89885e-009 271.943 2.90027e-009

-2514.23 30.954 859.13
2.84392e-009 271.981 2.84538e-009

-2513.72 30.954 859.112
2.79104e-009 272.018 2.79252e-009

-2513.21 30.954 859.094
2.74009e-009 272.056 2.7416e-009

-2512.7 30.954 859.075
2.69096e-009 272.093 2.69251e-009

-2512.19 30.954 859.056
2.64356e-009 272.131 2.64514e-009

-2511.68 30.954 859.037
2.5978e-009 272.168 2.59941e-009

-2511.17 30.954 859.017
2.5536e-009 272.206 2.55524e-009

-2510.65 30.954 858.997
2.51087e-009 272.243 2.51255e-009

-2510.14 30.954 858.977
2.46955e-009 272.281 2.47126e-009

-2509.63 30.954 858.956
2.42957e-009 272.318 2.43131e-009

-2509.12 30.954 858.935
2.39085e-009 272.356 2.39263e-009

-2508.61 30.954 858.914
2.35336e-009 272.393 2.35516e-009

-2508.1 30.954 858.892
2.31701e-009 272.431 2.31885e-009

-2507.59 30.954 858.87
2.28178e-009 272.469 2.28365e-009

-2507.08 30.954 858.848
2.24759e-009 272.506 2.2495e-009

-2506.56 30.954 858.825
2.21442e-009 272.544 2.21636e-009

-2506.05 30.954 858.802
2.18221e-009 272.581 2.18418e-009

-2505.54 30.954 858.778
2.15092e-009 272.619 2.15292e-009

-2505.03 30.954 858.755
2.12051e-009 272.656 2.12254e-009

-2504.52 30.954 858.731
2.09095e-009 272.694 2.09302e-009

-2504.01 30.954 858.706
2.0622e-009 272.731 2.0643e-009

-2503.5 30.954 858.681
2.03423e-009 272.769 2.03636e-009

-2502.99 30.954 858.656
2.00701e-009 272.806 2.00917e-009

-2502.48 30.954 858.631
1.9805e-009 272.844 1.9827e-009

-2501.96 30.954 858.605
1.95469e-009 272.881 1.95691e-009

-2501.45 30.954 858.579
1.92954e-009 272.919 1.93179e-009

-2500.94 30.954 858.553
1.90502e-009 272.956 1.90731e-009

-2500.43 30.954 858.526
1.88112e-009 272.994 1.88344e-009

-2499.92 30.954 858.499
1.85781e-009 273.031 1.86017e-009

-2499.41 30.954 858.472
1.83507e-009 273.069 1.83746e-009

-2498.9 30.954 858.444
1.81288e-009 273.107 1.8153e-009

-2498.39 30.954 858.416
1.79122e-009 273.144 1.79367e-009

-2497.88 30.954 858.388
1.77006e-009 273.182 1.77255e-009

-2497.37 30.954 858.359
1.7494e-009 273.219 1.75192e-009

-2496.85 30.954 858.33
1.72922e-009 273.257 1.73177e-009

-2496.34 30.954 858.3
1.70949e-009 273.294 1.71207e-009

-2495.83 30.954 858.271
1.69021e-009 273.332 1.69282e-009

-2495.32 30.954 858.241
1.67136e-009 273.369 1.674e-009

-2494.81 30.954 858.21
1.65292e-009 273.407 1.6556e-009

-2494.3 30.954 858.179
1.63488e-009 273.444 1.63759e-009

-2493.79 30.954 858.148
1.61724e-009 273.482 1.61998e-009

-2493.28 30.954 858.117
1.59996e-009 273.519 1.60274e-009

-2492.77 30.954 858.085
1.58305e-009 273.557 1.58586e-009

-2492.26 30.954 858.053
1.5665e-009 273.594 1.56934e-009

-2491.75 30.954 858.021
1.55028e-009 273.632 1.55315e-009

-2491.24 30.954 857.988
1.5344e-009 273.669 1.5373e-009

-2490.73 30.954 857.955
1.51884e-009 273.707 1.52177e-009

-2490.21 30.954 857.921
1.50358e-009 273.744 1.50655e-009

-2489.7 30.954 857.888
1.48863e-009 273.782 1.49163e-009

-2489.06 30.954 857.847
1.54628e-009 273.641 1.54916e-009

-2488.42 30.954 857.807
1.60855e-009 273.501 1.61131e-009

-2487.77 30.954 857.769
1.67602e-009 273.36 1.67866e-009

-2487.13 30.954 857.733
1.74938e-009 273.22 1.7519e-009

-2486.49 30.954 857.699
1.82944e-009 273.079 1.83183e-009

-2485.84 30.954 857.666
1.91715e-009 272.938 1.91942e-009

-2485.2 30.954 857.634
2.01366e-009 272.798 2.01582e-009

-2484.56 30.954 857.604
2.12039e-009 272.657 2.12242e-009

-2483.91 30.954 857.576
2.23903e-009 272.517 2.24094e-009

-2483.27 30.954 857.549
2.3717e-009 272.376 2.3735e-009

-2482.62 30.954 857.524
2.52106e-009 272.235 2.52273e-009

-2481.98 30.954 857.501
2.69045e-009 272.095 2.69201e-009

-2481.34 30.954 857.479
2.88421e-009 271.954 2.88564e-009

-2480.69 30.954 857.458
3.108e-009 271.814 3.10931e-009

-2480.05 30.954 857.439
3.36938e-009 271.673 3.37057e-009

-2479.4 30.954 857.422
3.6787e-009 271.533 3.67977e-009

-2478.76 30.954 857.406
4.05047e-009 271.392 4.05142e-009

-2478.11 30.954 857.392
4.50575e-009 271.252 4.50657e-009

-2477.47 30.954 857.38
5.07619e-009 271.111 5.0769e-009

-2476.82 30.954 857.369
5.81183e-009 270.971 5.81241e-009

-2476.18 30.954 857.36
6.79673e-009 270.83 6.7972e-009

-2475.54 30.954 857.352
8.18304e-009 270.69 8.18338e-009

-2474.89 30.954 857.346
1.02795e-008 270.549 1.02797e-008

-2474.25 30.954 857.341
1.38198e-008 270.408 1.38199e-008

-2473.6 30.954 857.338
0 270.268 2.11962e-013

-2472.96 30.954 857.337
0 270.13 360

-2472.31 30.954 857.337
0 270.034 360

-2471.67 30.954 857.339
0 270.158 360

-2471.02 30.954 857.342
180 270.297 180

-2470.38 30.954 857.347
180 270.438 180

-2469.72 30.954 857.353
180 270.576 180

-2469.07 30.954 857.361
180 270.71 180

-2468.41 30.954 857.371
180 270.844 180

-2467.76 30.954 857.382
180 270.976 180

-2467.1 30.954 857.395
180 271.107 180

-2466.44 30.954 857.409
180 271.238 180

-2465.78 30.954 857.425
180 271.366 180

-2465.11 30.954 857.442
180 271.494 180

-2464.45 30.954 857.461
180 271.619 180

-2463.78 30.954 857.482
180 271.741 180

-2463.11 30.954 857.503
180 271.863 180

-2462.43 30.954 857.527
180 271.985 180

-2461.76 30.954 857.551
180 272.103 180

-2461.09 30.954 857.577
180 272.222 180

-2460.42 30.954 857.605
180 272.341 180

-2459.75 30.954 857.634
180 272.458 180

-2459.08 30.954 857.664
180 272.575 180

-2458.41 30.954 857.695
180 272.691 180

-2457.74 30.954 857.728
180 272.807 180

-2457.06 30.954 857.763
180 272.921 180

-2456.39 30.954 857.798
180 273.035 180

-2455.72 30.954 857.835
180 273.149 180

-2455.05 30.954 857.873
180 273.261 180

-2454.38 30.954 857.913
180 273.374 180

-2453.71 30.954 857.954
180 273.486 180

-2453.04 30.954 857.996
180 273.597 180

-2452.37 30.954 858.039
180 273.708 180

-2451.7 30.954 858.084
180 273.819 180

-2451.03 30.954 858.13
180 273.93 180

-2450.36 30.954 858.177
180 274.041 180

-2449.69 30.954 858.226
180 274.152 180

-2449.02 30.954 858.276
180 274.261 180

-2448.34 30.954 858.328
180 274.367 180

-2447.67 30.954 858.38
180 274.472 180

-2446.99 30.954 858.435
180 274.575 180

-2446.31 30.954 858.49
180 274.678 180

-2445.64 30.954 858.547
180 274.781 180

-2444.95 30.954 858.605
180 274.883 180

-2444.27 30.954 858.664
180 274.983 180

-2443.59 30.954 858.725
180 275.083 180

-2442.91 30.954 858.787
180 275.181 180

-2442.22 30.954 858.85
180 275.278 180

-2441.53 30.954 858.915
180 275.375 180

-2440.85 30.954 858.981
180 275.472 180

-2440.16 30.954 859.048
180 275.566 180

-2439.47 30.954 859.116
180 275.659 180

-2438.78 30.954 859.185
180 275.753 180

-2438.1 30.954 859.256
180 275.847 180

-2437.41 30.954 859.327
180 275.94 180

-2436.72 30.954 859.4
180 276.034 180

-2436.03 30.954 859.474
180 276.128 180

-2435.34 30.954 859.549
180 276.222 180

-2434.65 30.954 859.625
180 276.315 180

-2433.96 30.954 859.703
180 276.411 180

-2433.27 30.954 859.782
180 276.506 180

-2432.58 30.954 859.862
180 276.603 180

-2431.88 30.954 859.944
180 276.703 180

-2431.18 30.954 860.027
180 276.803 180

-2430.48 30.954 860.112
180 276.904 180

-2429.78 30.954 860.198
180 277.008 180

-2429.08 30.954 860.285
180 277.111 180

-2428.38 30.954 860.374
180 277.215 180

-2427.68 30.954 860.464
180 277.32 180

-2426.98 30.954 860.555
180 277.426 180

-2426.28 30.954 860.648
180 277.534 180

-2425.58 30.954 860.743
180 277.643 180

-2424.87 30.954 860.838
180 277.753 180

-2424.17 30.954 860.935
180 277.865 180

-2423.47 30.954 861.034
180 277.979 180

-2422.77 30.954 861.134
180 278.095 180

-2422.06 30.954 861.235
180 278.215 180

-2421.36 30.954 861.338
180 278.336 180

-2420.66 30.954 861.442
180 278.458 180

-2419.96 30.954 861.548
180 278.581 180

-2419.26 30.954 861.655
180 278.706 180

-2418.56 30.954 861.764
180 278.831 180

-2417.86 30.954 861.874
180 278.956 180

-2417.16 30.954 861.986
180 279.083 180

-2416.46 30.954 862.1
180 279.209 180

-2415.75 30.954 862.216
180 279.337 180

-2415.05 30.954 862.333
180 279.467 180

-2414.35 30.954 862.452
180 279.598 180

-2413.64 30.954 862.573
180 279.73 180

-2412.94 30.954 862.695
180 279.861 180

-2412.24 30.954 862.818
180 279.992 180

-2411.54 30.954 862.944
180 280.123 180

-2410.84 30.954 863.07
180 280.254 180

-2410.13 30.954 863.199
180 280.386 180

-2409.43 30.954 863.329
180 280.517 180

-2408.73 30.954 863.461
180 280.648 180

-2408.03 30.954 863.594
180 280.779 180

-2407.33 30.954 863.729
180 280.911 180

-2406.63 30.954 863.866
180 281.042 180

-2405.93 30.954 864.004
180 281.173 180

-2405.23 30.954 864.144
180 281.304 180

-2404.54 30.954 864.285
180 281.433 180

-2403.84 30.954 864.428
180 281.561 180

-2403.14 30.954 864.572
180 281.687 180

-2402.44 30.954 864.718
180 281.814 180

-2401.74 30.954 864.866
180 281.94 180

-2401.05 30.954 865.015
180 282.067 180

-2400.35 30.954 865.165
180 282.194 180

-2399.65 30.954 865.317
180 282.32 180

-2398.96 30.954 865.471
180 282.447 180

-2398.26 30.954 865.626
180 282.573 180

-2397.57 30.954 865.783
180 282.7 180

-2396.87 30.954 865.941
180 282.826 180

-2396.18 30.954 866.101
180 282.953 180

-2395.48 30.954 866.262
180 283.079 180

-2394.79 30.954 866.425
180 283.206 180

-2394.09 30.954 866.589
180 283.333 180

-2393.4 30.954 866.755
180 283.459 180

-2392.71 30.954 866.923
180 283.586 180

-2392.02 30.954 867.092
180 283.712 180

-2391.32 30.954 867.262
180 283.839 180

-2390.63 30.954 867.435
180 283.965 180

-2389.94 30.954 867.608
180 284.092 180

-2389.25 30.954 867.783
180 284.219 180

-2388.56 30.954 867.96
180 284.344 180

-2387.87 30.954 868.138
180 284.467 180

-2387.18 30.954 868.318
180 284.589 180

-2386.49 30.954 868.498
180 284.708 180

-2385.8 30.954 868.681
180 284.822 180

-2385.11 30.954 868.866
180 284.931 180

-2384.41 30.954 869.052
180 285.036 180

-2383.72 30.954 869.239
180 285.136 180

-2383.03 30.954 869.427
180 285.233 180

-2382.34 30.954 869.616
180 285.325 180

-2381.65 30.954 869.807
180 285.412 180

-2380.96 30.954 869.998
180 285.5 180

-2380.27 30.954 870.191
180 285.586 180

-2379.58 30.954 870.385
180 285.672 180

-2378.89 30.954 870.579
180 285.758 180

-2378.2 30.954 870.775
180 285.844 180

-2377.51 30.954 870.972
180 285.93 180

-2376.82 30.954 871.169
180 286.015 180

-2376.13 30.954 871.368
180 286.101 180

-2375.44 30.954 871.568
180 286.187 180

-2374.75 30.954 871.77
180 286.27 180

-2374.06 30.954 871.973
180 286.351 180

-2373.37 30.954 872.177
180 286.431 180

-2372.68 30.954 872.382
180 286.511 180

-2371.99 30.954 872.587
180 286.589 180

-2371.3 30.954 872.794
180 286.665 180

-2370.61 30.954 873.002
180 286.739 180

-2369.92 30.954 873.21
180 286.808 180

-2369.23 30.954 873.419
180 286.873 180

-2368.54 30.954 873.629
180 286.936 180

-2367.85 30.954 873.84
180 286.992 180

-2367.16 30.954 874.051
180 287.044 180

-2366.47 30.954 874.263
180 287.09 180

-2365.78 30.954 874.475
180 287.136 180

-2365.09 30.954 874.688
180 287.18 180

-2364.4 30.954 874.901
180 287.223 180

-2363.72 30.954 875.115
180 287.265 180

-2363.03 30.954 875.33
180 287.308 180

-2362.34 30.954 875.545
180 287.35 180

-2361.65 30.954 875.76
180 287.392 180

-2360.96 30.954 875.976
180 287.434 180

-2360.28 30.954 876.192
180 287.476 180

-2359.59 30.954 876.409
180 287.519 180

-2358.9 30.954 876.627
180 287.561 180

-2358.22 30.954 876.845
180 287.603 180

-2357.53 30.954 877.063
180 287.645 180

-2356.84 30.954 877.282
180 287.687 180

-2356.16 30.954 877.502
180 287.73 180

-2355.47 30.954 877.722
180 287.772 180

-2354.78 30.954 877.942
180 287.814 180

-2354.1 30.954 878.163
180 287.856 180

-2353.41 30.954 878.385
180 287.898 180

-2352.73 30.954 878.607
180 287.94 180

-2352.04 30.954 878.829
180 287.981 180

-2351.36 30.954 879.052
180 288.022 180

-2350.67 30.954 879.275
180 288.061 180

-2349.99 30.954 879.499
180 288.1 180

-2349.3 30.954 879.724
180 288.136 180

-2348.62 30.954 879.948
180 288.172 180

-2347.93 30.954 880.174
180 288.205 180

-2347.25 30.954 880.399
180 288.237 180

-2346.56 30.954 880.624
180 288.269 180

-2345.88 30.954 880.85
180 288.297 180

-2345.2 30.954 881.076
180 288.323 180

-2344.52 30.954 881.302
180 288.348 180

-2343.84 30.954 881.528
180 288.369 180

-2343.16 30.954 881.753
180 288.386 180

-2342.48 30.954 881.979
180 288.4 180

-2341.81 30.954 882.204
180 288.411 180

-2341.13 30.954 882.428
180 288.42 180

-2340.46 30.954 882.653
180 288.42 180

-2339.78 30.954 882.877
180 288.414 180

-2339.11 30.954 883.101
180 288.4 180

-2338.44 30.954 883.324
180 288.38 180

-2337.77 30.954 883.546
180 288.351 180

-2337.1 30.954 883.767
180 288.317 180

-2336.43 30.954 883.989
180 288.28 180

-2335.76 30.954 884.209
180 288.239 180

-2335.1 30.954 884.428
180 288.195 180

-2334.43 30.954 884.647
180 288.147 180

-2333.76 30.954 884.865
180 288.094 180

-2333.09 30.954 885.082
180 288.034 180

-2332.43 30.954 885.298
180 287.97 180

-2331.76 30.954 885.513
180 287.901 180

-2331.1 30.954 885.726
180 287.83 180

-2330.44 30.954 885.939
180 287.755 180

-2329.77 30.954 886.151
180 287.676 180

-2329.11 30.954 886.361
180 287.594 180

-2328.45 30.954 886.57
180 287.506 180

-2327.78 30.954 886.778
180 287.412 180

-2327.12 30.954 886.984
180 287.316 180

-2326.46 30.954 887.19
180 287.216 180

-2325.8 30.954 887.393
180 287.111 180

-2325.13 30.954 887.596
180 287.003 180

-2324.47 30.954 887.798
180 286.891 180

-2323.81 30.954 887.998
180 286.773 180

-2323.14 30.954 888.196
180 286.653 180

-2322.48 30.954 888.394
180 286.526 180

-2321.81 30.954 888.589
180 286.397 180

-2321.15 30.954 888.784
180 286.262 180

-2320.48 30.954 888.976
180 286.122 180

-2319.81 30.954 889.167
180 285.975 180

-2319.15 30.954 889.356
180 285.82 180

-2318.48 30.954 889.543
180 285.658 180

-2317.81 30.954 889.728
180 285.487 180

-2317.14 30.954 889.911
180 285.311 180

-2316.47 30.954 890.092
180 285.126 180

-2315.8 30.954 890.271
180 284.931 180

-2315.13 30.954 890.447
180 284.73 180

-2314.46 30.954 890.621
180 284.52 180

-2313.79 30.954 890.792
180 284.308 180

-2313.12 30.954 890.961
180 284.089 180

-2312.44 30.954 891.127
180 283.867 180

-2311.77 30.954 891.291
180 283.642 180

-2311.09 30.954 891.452
180 283.414 180

-2310.42 30.954 891.61
180 283.181 180

-2309.74 30.954 891.765
180 282.945 180

-2309.07 30.954 891.917
180 282.706 180

-2308.39 30.954 892.067
180 282.467 180

-2307.71 30.954 892.214
180 282.226 180

-2307.03 30.954 892.358
180 281.984 180

-2306.36 30.954 892.499
180 281.742 180

-2305.68 30.954 892.637
180 281.5 180

-2305 30.954 892.773
180 281.258 180

-2304.32 30.954 892.905
180 281.015 180

-2303.63 30.954 893.035
180 280.773 180

-2302.95 30.954 893.161
180 280.531 180

-2302.27 30.954 893.285
180 280.289 180

-2301.59 30.954 893.406
180 280.047 180

-2300.9 30.954 893.524
180 279.805 180

-2300.22 30.954 893.64
180 279.562 180

-2299.54 30.954 893.752
180 279.32 180

-2298.85 30.954 893.861
180 279.078 180

-2298.17 30.954 893.968
180 278.836 180

-2297.48 30.954 894.071
180 278.594 180

-2296.8 30.954 894.172
180 278.351 180

-2296.11 30.954 894.27
180 278.106 180

-2295.42 30.954 894.365
180 277.861 180

-2294.73 30.954 894.456
180 277.615 180

-2294.05 30.954 894.545
180 277.37 180

-2293.36 30.954 894.631
180 277.125 180

-2292.67 30.954 894.714
180 276.879 180

-2291.98 30.954 894.795
180 276.634 180

-2291.29 30.954 894.872
180 276.389 180

-2290.6 30.954 894.946
180 276.144 180

-2289.91 30.954 895.017
180 275.898 180

-2289.22 30.954 895.085
180 275.653 180

-2288.53 30.954 895.151
180 275.408 180

-2287.84 30.954 895.213
180 275.162 180

-2287.15 30.954 895.273
180 274.916 180

-2286.46 30.954 895.329
180 274.669 180

-2285.77 30.954 895.383
180 274.42 180

-2285.08 30.954 895.433
180 274.172 180

-2284.39 30.954 895.48
180 273.923 180

-2283.69 30.954 895.525
180 273.673 180

-2283 30.954 895.566
180 273.423 180

-2282.31 30.954 895.605
180 273.172 180

-2281.62 30.954 895.64
180 272.92 180

-2280.93 30.954 895.672
180 272.667 180

-2280.23 30.954 895.701
180 272.408 180

-2279.54 30.954 895.727
180 272.147 180

-2278.85 30.954 895.75
180 271.886 180

-2278.16 30.954 895.77
180 271.622 180

-2277.46 30.954 895.786
180 271.358 180

-2276.77 30.954 895.799
180 271.092 180

-2276.08 30.954 895.809
180 270.826 180

-2275.39 30.954 895.816
180 270.558 180

-2274.7 30.954 895.819
180 270.287 180

-2274.01 30.954 895.82
0 270 360

-2273.32 30.954 895.816
0 270.26 360

-2272.63 30.954 895.81
360 270.537 360

-2271.94 30.954 895.8
1.27835e-008 270.813 1.27839e-008

-2271.25 30.954 895.787
9.53977e-009 271.09 9.54064e-009

-2270.56 30.954 895.771
7.60012e-009 271.368 7.60144e-009

-2269.88 30.954 895.751
6.31576e-009 271.646 6.31751e-009

-2269.19 30.954 895.728
5.40255e-009 271.924 5.40474e-009

-2268.5 30.954 895.701
4.71657e-009 272.204 4.71921e-009

-2267.81 30.954 895.671
4.18501e-009 272.484 4.18809e-009

-2267.12 30.954 895.638
3.76099e-009 272.764 3.76452e-009

-2266.43 30.954 895.601
3.41486e-009 273.043 3.41883e-009

-2265.74 30.954 895.561
3.12694e-009 273.323 3.13135e-009

-2265.06 30.954 895.518
2.88368e-009 273.603 2.88854e-009

-2264.37 30.954 895.471
2.67543e-009 273.882 2.68073e-009

-2263.68 30.954 895.421
2.49513e-009 274.162 2.50087e-009

-2262.99 30.954 895.368
2.3375e-009 274.442 2.34368e-009

-2262.31 30.954 895.311
2.19851e-009 274.721 2.20513e-009

-2261.62 30.954 895.251
2.07503e-009 275.001 2.0821e-009

-2260.93 30.954 895.188
1.9646e-009 275.281 1.97211e-009

-2260.25 30.954 895.121
1.86525e-009 275.561 1.87321e-009

-2259.56 30.954 895.051
1.77538e-009 275.84 1.78379e-009

-2258.87 30.954 894.977
1.69371e-009 276.12 1.70256e-009

-2258.19 30.954 894.9
1.61915e-009 276.4 1.62844e-009

-2257.5 30.954 894.82
1.5508e-009 276.679 1.56054e-009

-2256.82 30.954 894.737
1.48793e-009 276.959 1.49811e-009

-2256.14 30.954 894.65
1.42989e-009 277.239 1.44052e-009

-2255.45 30.954 894.559
1.37615e-009 277.518 1.38722e-009

-2254.77 30.954 894.466
1.32624e-009 277.798 1.33776e-009

-2254.09 30.954 894.369
1.27977e-009 278.078 1.29173e-009

-2253.41 30.954 894.269
1.23638e-009 278.357 1.24879e-009

-2252.72 30.954 894.165
1.19557e-009 278.639 1.20843e-009

-2252.04 30.954 894.058
1.15732e-009 278.92 1.17062e-009

-2251.36 30.954 893.948
1.12138e-009 279.201 1.13513e-009

-2250.68 30.954 893.835
1.08738e-009 279.484 1.10158e-009

-2250 30.954 893.718
1.05532e-009 279.767 1.06998e-009

-2249.32 30.954 893.597
1.02473e-009 280.053 1.03984e-009

-2248.65 30.954 893.474
9.95509e-010 280.342 1.01108e-009

-2247.97 30.954 893.347
9.67858e-010 280.631 9.83893e-010

-2247.3 30.954 893.217
9.4138e-010 280.923 9.57881e-010

-2246.62 30.954 893.083
9.16133e-010 281.217 9.33104e-010

-2245.95 30.954 892.946
8.92159e-010 281.51 9.096e-010

-2245.28 30.954 892.806
8.69126e-010 281.807 8.87042e-010

-2244.61 30.954 892.662
8.47208e-010 282.104 8.65599e-010

-2243.94 30.954 892.515
8.26216e-010 282.403 8.45086e-010

-2243.27 30.954 892.364
8.06093e-010 282.703 8.25444e-010

-2242.6 30.954 892.21
7.86884e-010 283.003 8.06716e-010

-2241.93 30.954 892.052
7.68526e-010 283.303 7.8884e-010

-2241.27 30.954 891.891
7.50875e-010 283.604 7.71673e-010

-2240.6 30.954 891.726
7.33975e-010 283.906 7.55257e-010

-2239.94 30.954 891.558
7.17779e-010 284.207 7.39546e-010

-2239.27 30.954 891.386
7.02163e-010 284.51 7.24418e-010

-2238.61 30.954 891.211
6.87173e-010 284.814 7.09916e-010

-2237.95 30.954 891.032
6.72771e-010 285.117 6.96003e-010

-2237.29 30.954 890.85
6.58923e-010 285.42 6.82643e-010

-2236.63 30.954 890.664
6.45595e-010 285.723 6.69805e-010

-2235.97 30.954 890.474
6.3276e-010 286.026 6.57459e-010

-2235.31 30.954 890.282
6.20389e-010 286.329 6.45577e-010

-2234.65 30.954 890.086
6.08456e-010 286.632 6.34135e-010

-2234 30.954 889.886
5.96939e-010 286.936 6.23108e-010

-2233.34 30.954 889.683
5.85815e-010 287.239 6.12476e-010

-2232.69 30.954 889.476
5.75064e-010 287.542 6.02216e-010

-2232.04 30.954 889.266
5.64667e-010 287.845 5.92311e-010

-2231.39 30.954 889.052
5.54607e-010 288.148 5.82743e-010

-2230.74 30.954 888.835
5.44866e-010 288.451 5.73494e-010

-2230.09 30.954 888.615
5.35429e-010 288.754 5.6455e-010

-2229.44 30.954 888.391
5.26281e-010 289.057 5.55896e-010

-2228.79 30.954 888.164
5.1741e-010 289.361 5.47519e-010

-2228.15 30.954 887.933
5.08802e-010 289.664 5.39405e-010

-2227.5 30.954 887.699
5.00445e-010 289.967 5.31543e-010

-2226.86 30.954 887.462
4.92328e-010 290.27 5.23921e-010

-2226.22 30.954 887.221
4.8444e-010 290.573 5.16529e-010

-2225.58 30.954 886.976
4.76771e-010 290.876 5.09356e-010

-2224.94 30.954 886.729
4.69312e-010 291.179 5.02394e-010

-2224.3 30.954 886.478
4.62055e-010 291.482 4.95633e-010

-2223.66 30.954 886.223
4.54989e-010 291.786 4.89066e-010

-2223.03 30.954 885.965
4.48109e-010 292.089 4.82684e-010

-2222.39 30.954 885.704
4.41405e-010 292.392 4.76479e-010

-2221.76 30.954 885.44
4.34872e-010 292.695 4.70444e-010

-2221.13 30.954 885.172
4.28501e-010 292.998 4.64574e-010

-2220.5 30.954 884.901
4.22319e-010 293.3 4.5889e-010

-2219.87 30.954 884.626
4.16287e-010 293.601 4.53355e-010

-2219.25 30.954 884.349
4.10398e-010 293.903 4.47965e-010

-2218.62 30.954 884.067
4.04647e-010 294.204 4.42714e-010

-2218 30.954 883.783
3.99058e-010 294.504 4.37622e-010

-2217.37 30.954 883.495
3.93596e-010 294.804 4.32658e-010

-2216.75 30.954 883.205
3.88257e-010 295.104 4.27817e-010

-2216.13 30.954 882.911
3.83062e-010 295.403 4.23119e-010

-2215.52 30.954 882.613
3.7798e-010 295.701 4.18534e-010

-2214.9 30.954 882.313
3.73033e-010 295.998 4.14082e-010

-2214.28 30.954 882.007
3.6819e-010 296.295 4.09734e-010

-2213.67 30.954 881.699
3.63472e-010 296.59 4.0551e-010

-2213.05 30.954 881.387
3.58874e-010 296.884 4.01403e-010

-2212.43 30.954 881.07
3.54369e-010 297.178 3.9739e-010

-2211.82 30.954 880.75
3.49975e-010 297.47 3.93487e-010

-2211.21 30.954 880.428
3.4569e-010 297.761 3.8969e-010

-2210.59 30.954 880.102
3.41487e-010 298.051 3.85975e-010

-2209.98 30.954 879.772
3.37385e-010 298.34 3.8236e-010

-2209.37 30.954 879.438
3.3338e-010 298.628 3.7884e-010

-2208.76 30.954 879.101
3.29449e-010 298.915 3.75394e-010

-2208.15 30.954 878.761
3.25588e-010 299.203 3.72019e-010

-2207.54 30.954 878.418
3.21796e-010 299.49 3.68714e-010

-2206.94 30.954 878.071
3.18071e-010 299.778 3.65476e-010

-2206.34 30.954 877.722
3.1441e-010 300.065 3.62303e-010

-2205.73 30.954 877.37
3.10813e-010 300.353 3.59194e-010

-2205.13 30.954 877.014
3.07276e-010 300.64 3.56147e-010

-2204.54 30.954 876.656
3.03799e-010 300.928 3.5316e-010

-2203.94 30.954 876.295
3.0038e-010 301.215 3.50231e-010

-2203.35 30.954 875.93
2.97017e-010 301.503 3.47359e-010

-2202.75 30.954 875.563
2.93708e-010 301.79 3.44542e-010

-2202.16 30.954 875.193
2.90453e-010 302.078 3.4178e-010

-2201.57 30.954 874.819
2.87249e-010 302.365 3.39069e-010

-2200.99 30.954 874.443
2.84096e-010 302.653 3.3641e-010

-2200.4 30.954 874.064
2.80991e-010 302.94 3.33801e-010

-2199.82 30.954 873.682
2.77935e-010 303.228 3.3124e-010

-2199.24 30.954 873.297
2.74924e-010 303.515 3.28726e-010

-2198.66 30.954 872.909
2.71959e-010 303.803 3.26258e-010

-2198.08 30.954 872.518
2.69039e-010 304.09 3.23835e-010

-2197.5 30.954 872.125
2.66161e-010 304.378 3.21456e-010

-2196.93 30.954 871.728
2.63325e-010 304.665 3.19119e-010

-2196.36 30.954 871.328
2.6053e-010 304.953 3.16824e-010

-2195.79 30.954 870.926
2.57775e-010 305.24 3.1457e-010

-2195.22 30.954 870.521
2.55059e-010 305.528 3.12355e-010

-2194.66 30.954 870.113
2.5238e-010 305.815 3.1018e-010

-2194.09 30.954 869.702
2.4971e-010 306.106 3.08018e-010

-2193.53 30.954 869.288
2.47063e-010 306.398 3.05884e-010

-2192.97 30.954 868.873
2.44438e-010 306.692 3.03775e-010

-2192.42 30.954 868.454
2.41822e-010 306.989 3.01681e-010

-2191.87 30.954 868.033
2.39229e-010 307.287 2.99614e-010

-2191.31 30.954 867.609
2.36657e-010 307.587 2.97572e-010

-2190.77 30.954 867.183
2.34106e-010 307.889 2.95555e-010

-2190.22 30.954 866.755
2.31552e-010 308.195 2.93543e-010

-2189.68 30.954 866.323
2.29018e-010 308.503 2.91556e-010

-2189.14 30.954 865.888
2.26507e-010 308.812 2.89595e-010

-2188.6 30.954 865.451
2.24029e-010 309.122 2.87668e-010

-2188.07 30.954 865.01
2.21571e-010 309.433 2.85765e-010

-2187.53 30.954 864.567
2.19133e-010 309.745 2.83887e-010

-2187 30.954 864.121
2.16727e-010 310.058 2.82041e-010

-2186.47 30.954 863.672
2.14352e-010 310.37 2.80227e-010

-2185.95 30.954 863.22
2.11996e-010 310.684 2.78436e-010

-2185.43 30.954 862.766
2.09669e-010 310.998 2.76676e-010

-2184.91 30.954 862.31
2.07349e-010 311.315 2.7493e-010

-2184.39 30.954 861.85
2.05058e-010 311.633 2.73213e-010

-2183.88 30.954 861.388
2.02785e-010 311.951 2.71518e-010

-2183.36 30.954 860.923
2.00528e-010 312.272 2.69844e-010

-2182.86 30.954 860.455
1.98299e-010 312.592 2.68199e-010

-2182.35 30.954 859.984
1.96086e-010 312.914 2.66574e-010

-2181.85 30.954 859.511
1.939e-010 313.236 2.64977e-010

-2181.34 30.954 859.034
1.9174e-010 313.558 2.63407e-010

-2180.85 30.954 858.555
1.89605e-010 313.879 2.61864e-010

-2180.35 30.954 858.073
1.87495e-010 314.201 2.60347e-010

-2179.86 30.954 857.588
1.85409e-010 314.523 2.58856e-010

-2179.37 30.954 857.101
1.83347e-010 314.845 2.5739e-010

-2178.88 30.954 856.61
1.81308e-010 315.167 2.55949e-010

-2178.4 30.954 856.117
1.79292e-010 315.489 2.54531e-010

-2177.91 30.954 855.622
1.77298e-010 315.811 2.53137e-010

-2177.43 30.954 855.123
1.75325e-010 316.133 2.51766e-010

-2176.96 30.954 854.622
1.73374e-010 316.454 2.50418e-010

-2176.48 30.954 854.118
1.71453e-010 316.775 2.49098e-010

-2176.01 30.954 853.612
1.69551e-010 317.095 2.478e-010

-2175.55 30.954 853.103
1.67679e-010 317.414 2.46529e-010

-2175.08 30.954 852.591
1.65826e-010 317.733 2.45279e-010

-2174.62 30.954 852.077
1.64e-010 318.05 2.44054e-010

-2174.16 30.954 851.56
1.62192e-010 318.367 2.4285e-010

-2173.7 30.954 851.041
1.60411e-010 318.682 2.4167e-010

-2173.25 30.954 850.519
1.58647e-010 318.998 2.40509e-010

-2172.8 30.954 849.992
1.569e-010 319.314 2.39366e-010

-2172.34 30.954 849.462
1.55169e-010 319.629 2.38242e-010

-2171.9 30.954 848.93
1.53455e-010 319.945 2.37135e-010

-2171.45 30.954 848.395
1.51756e-010 320.261 2.36045e-010

-2171.01 30.954 847.858
1.50073e-010 320.576 2.34973e-010

-2170.57 30.954 847.318
1.48404e-010 320.892 2.33917e-010

-2170.14 30.954 846.776
1.46751e-010 321.207 2.32877e-010

-2169.7 30.954 846.232
1.45096e-010 321.526 2.31844e-010

-2169.28 30.954 845.685
1.43456e-010 321.845 2.30827e-010

-2168.85 30.954 845.138
1.41822e-010 322.165 2.29822e-010

-2168.43 30.954 844.588
1.40187e-010 322.489 2.28822e-010

-2168.01 30.954 844.035
1.38565e-010 322.812 2.27838e-010

-2167.59 30.954 843.481
1.3695e-010 323.137 2.26866e-010

-2167.18 30.954 842.924
1.35348e-010 323.462 2.25908e-010

-2166.77 30.954 842.364
1.33753e-010 323.789 2.24962e-010

-2166.36 30.954 841.804
1.3217e-010 324.115 2.24031e-010

-2165.96 30.954 841.241
1.306e-010 324.442 2.23114e-010

-2165.56 30.954 840.677
1.29029e-010 324.771 2.22204e-010

-2165.17 30.954 840.11
1.2747e-010 325.101 2.21308e-010

-2164.78 30.954 839.54
1.25923e-010 325.431 2.20427e-010

-2164.39 30.954 838.969
1.24389e-010 325.761 2.1956e-010

-2164 30.954 838.395
1.22867e-010 326.09 2.18707e-010

-2163.62 30.954 837.819
1.21356e-010 326.42 2.17868e-010

-2163.24 30.954 837.241
1.19857e-010 326.75 2.17043e-010

-2162.86 30.954 836.66
1.18369e-010 327.079 2.16231e-010

-2162.49 30.954 836.078
1.16893e-010 327.409 2.15432e-010

-2162.12 30.954 835.493
1.15427e-010 327.739 2.14646e-010

-2161.76 30.954 834.906
1.13971e-010 328.068 2.13872e-010

-2161.39 30.954 834.317
1.12526e-010 328.398 2.13112e-010

-2161.04 30.954 833.727
1.11092e-010 328.728 2.12363e-010

-2160.68 30.954 833.133
1.09667e-010 329.057 2.11627e-010

-2160.33 30.954 832.538
1.08252e-010 329.387 2.10903e-010

-2159.98 30.954 831.941
1.06847e-010 329.717 2.10191e-010

-2159.63 30.954 831.342
1.05451e-010 330.046 2.09491e-010

-2159.29 30.954 830.741
1.04064e-010 330.376 2.08802e-010

-2158.95 30.954 830.138
1.02687e-010 330.706 2.08124e-010

-2158.62 30.954 829.533
1.01318e-010 331.035 2.07458e-010

-2158.29 30.954 828.927
9.99577e-011 331.365 2.06803e-010

-2157.96 30.954 828.318
9.86061e-011 331.695 2.06158e-010

-2157.64 30.954 827.707
9.72629e-011 332.024 2.05525e-010

-2157.32 30.954 827.095
9.59279e-011 332.354 2.04902e-010

-2157 30.954 826.48
9.46009e-011 332.684 2.0429e-010

-2156.68 30.954 825.864
9.32817e-011 333.014 2.03688e-010

-2156.37 30.954 825.246
9.19703e-011 333.343 2.03096e-010

-2156.07 30.954 824.627
9.06664e-011 333.673 2.02514e-010

-2155.76 30.954 824.005
8.93699e-011 334.003 2.01943e-010

-2155.46 30.954 823.382
8.80807e-011 334.332 2.01381e-010

-2155.17 30.954 822.757
8.67986e-011 334.662 2.00829e-010

-2154.88 30.954 822.131
8.55235e-011 334.992 2.00287e-010

-2154.59 30.954 821.502
8.42552e-011 335.321 1.99754e-010

-2154.3 30.954 820.872
8.29935e-011 335.651 1.9923e-010

-2154.02 30.954 820.241
8.17385e-011 335.981 1.98716e-010

-2153.74 30.954 819.608
8.04898e-011 336.31 1.98211e-010

-2153.47 30.954 818.973
7.92475e-011 336.64 1.97715e-010

-2153.2 30.954 818.337
7.80113e-011 336.97 1.97228e-010

-2152.93 30.954 817.699
7.67811e-011 337.299 1.9675e-010

-2152.67 30.954 817.06
7.55568e-011 337.629 1.96281e-010

-2152.41 30.954 816.419
7.43384e-011 337.959 1.95821e-010

-2152.15 30.954 815.776
7.31255e-011 338.288 1.95369e-010

-2151.9 30.954 815.133
7.19183e-011 338.618 1.94925e-010

-2151.65 30.954 814.487
7.07164e-011 338.948 1.9449e-010

-2151.41 30.954 813.841
6.95199e-011 339.277 1.94064e-010

-2151.17 30.954 813.193
6.83286e-011 339.607 1.93645e-010

-2150.93 30.954 812.543
6.7148e-011 339.935 1.93237e-010

-2150.7 30.954 811.892
6.59723e-011 340.263 1.92837e-010

-2150.47 30.954 811.24
6.48014e-011 340.592 1.92445e-010

-2150.24 30.954 810.587
6.36408e-011 340.918 1.92062e-010

-2150.02 30.954 809.932
6.24847e-011 341.245 1.91687e-010

-2149.8 30.954 809.276
6.13331e-011 341.571 1.9132e-010

-2149.59 30.954 808.619
6.01859e-011 341.898 1.90961e-010

-2149.37 30.954 807.957
5.90429e-011 342.224 1.90609e-010

-2149.16 30.954 807.294
5.79041e-011 342.551 1.90264e-010

-2148.96 30.954 806.629
5.67749e-011 342.876 1.89928e-010

-2148.76 30.954 805.964
5.56495e-011 343.201 1.896e-010

-2148.56 30.954 805.297
5.45334e-011 343.524 1.89281e-010

-2148.37 30.954 804.629
5.3421e-011 343.848 1.88968e-010

-2148.18 30.954 803.96
5.23122e-011 344.171 1.88663e-010

-2147.99 30.954 803.286
5.12123e-011 344.493 1.88366e-010

-2147.81 30.954 802.611
5.01158e-011 344.815 1.88075e-010

-2147.63 30.954 801.936
4.9028e-011 345.135 1.87793e-010

-2147.45 30.954 801.259
4.79434e-011 345.456 1.87518e-010

-2147.28 30.954 800.581
4.68672e-011 345.774 1.87251e-010

-2147.11 30.954 799.902
4.5794e-011 346.093 1.8699e-010

-2146.95 30.954 799.219
4.47238e-011 346.412 1.86736e-010

-2146.79 30.954 798.534
4.36617e-011 346.729 1.86489e-010

-2146.63 30.954 797.849
4.26023e-011 347.046 1.86249e-010

-2146.48 30.954 797.163
4.15457e-011 347.363 1.86015e-010

-2146.33 30.954 796.476
4.04916e-011 347.681 1.85787e-010

-2146.18 30.954 795.788
3.94401e-011 347.998 1.85565e-010

-2146.04 30.954 795.1
3.83963e-011 348.313 1.85351e-010

-2145.9 30.954 794.411
3.73548e-011 348.629 1.85143e-010

-2145.76 30.954 793.717
3.63156e-011 348.945 1.84941e-010

-2145.63 30.954 793.022
3.52787e-011 349.26 1.84745e-010

-2145.5 30.954 792.327
3.42439e-011 349.576 1.84555e-010

-2145.38 30.954 791.631
3.32112e-011 349.892 1.84371e-010

-2145.26 30.954 790.934
3.21857e-011 350.206 1.84193e-010

-2145.14 30.954 790.237
3.11621e-011 350.52 1.84022e-010

-2145.03 30.954 789.539
3.01403e-011 350.834 1.83857e-010

-2144.92 30.954 788.84
2.91204e-011 351.148 1.83697e-010

-2144.82 30.954 788.141
2.81022e-011 351.462 1.83543e-010

-2144.71 30.954 787.441
2.70856e-011 351.776 1.83395e-010

-2144.62 30.954 786.741
2.60707e-011 352.09 1.83252e-010

-2144.52 30.954 786.04
2.50574e-011 352.404 1.83116e-010

-2144.43 30.954 785.338
2.40455e-011 352.718 1.82985e-010

-2144.35 30.954 784.637
2.3035e-011 353.032 1.82859e-010

-2144.27 30.954 783.934
2.20259e-011 353.346 1.8274e-010

-2144.19 30.954 783.232
2.1018e-011 353.66 1.82626e-010

-2144.11 30.954 782.529
2.00114e-011 353.974 1.82517e-010

-2144.04 30.954 781.825
1.9006e-011 354.288 1.82414e-010

-2143.98 30.954 781.121
1.80017e-011 354.602 1.82317e-010

-2143.91 30.954 780.417
1.69984e-011 354.916 1.82226e-010

-2143.86 30.954 779.712
1.5996e-011 355.23 1.82139e-010

-2143.8 30.954 779.007
1.49996e-011 355.543 1.82059e-010

-2143.75 30.954 778.302
1.4004e-011 355.855 1.81985e-010

-2143.7 30.954 777.597
1.30092e-011 356.168 1.81915e-010

-2143.66 30.954 776.891
1.20152e-011 356.48 1.81852e-010

-2143.62 30.954 776.185
1.10218e-011 356.793 1.81793e-010

-2143.58 30.954 775.479
1.0029e-011 357.105 1.81741e-010

-2143.55 30.954 774.773
9.03674e-012 357.418 1.81693e-010

-2143.52 30.954 774.066
8.04499e-012 357.73 1.81651e-010

-2143.5 30.954 773.36
7.05366e-012 358.043 1.81615e-010

-2143.48 30.954 772.653
6.0627e-012 358.355 1.81584e-010

-2143.46 30.954 771.946
5.07205e-012 358.668 1.81558e-010

-2143.45 30.954 771.239
4.08166e-012 358.98 1.81538e-010

-2143.44 30.954 770.532
3.09145e-012 359.293 1.81523e-010

-2143.44 30.954 769.825
2.10138e-012 359.605 1.81513e-010

-2143.44 30.954 769.118
1.11139e-012 359.918 1.81509e-010

-2143.44 30.954 768.411
1.21405e-013 0.230499 1.8151e-010

-2143.45 30.954 767.704
360 0.542999 1.81517e-010

-2143.46 30.954 766.997
1.93658e-008 0.855499 1.81529e-010

-2143.47 30.954 766.29
1.93648e-008 1.168 1.81547e-010

-2143.49 30.954 765.583
1.93638e-008 1.4805 1.81569e-010

-2143.51 30.954 764.877
1.93629e-008 1.793 1.81598e-010

-2143.54 30.954 764.17
1.93619e-008 2.1055 1.81631e-010

-2143.57 30.954 763.464
1.93609e-008 2.418 1.81671e-010

-2143.6 30.954 762.758
1.93599e-008 2.7305 1.81715e-010

-2143.64 30.954 762.052
1.93589e-008 3.043 1.81765e-010

-2143.68 30.954 761.346
1.93579e-008 3.3555 1.81821e-010

-2143.72 30.954 760.64
1.93569e-008 3.668 1.81881e-010

-2143.77 30.954 759.935
1.93559e-008 3.9805 1.81948e-010

-2143.83 30.954 759.23
1.93549e-008 4.29144 1.82019e-010

-2143.88 30.954 758.525
1.93539e-008 4.60237 1.82096e-010

-2143.94 30.954 757.821
1.93529e-008 4.91331 1.82178e-010

-2144.01 30.954 757.117
1.93519e-008 5.22425 1.82266e-010

-2144.08 30.954 756.413
1.93509e-008 5.53519 1.82359e-010

-2144.15 30.954 755.709
1.93499e-008 5.84612 1.82458e-010

-2144.22 30.954 755.006
1.9349e-008 6.15706 1.82562e-010

-2144.3 30.954 754.304
1.9348e-008 6.468 1.82672e-010

-2144.39 30.954 753.598
1.9347e-008 6.77894 1.82787e-010

-2144.48 30.954 752.892
1.9346e-008 7.08987 1.82907e-010

-2144.57 30.954 752.187
1.9345e-008 7.40081 1.83034e-010

-2144.66 30.954 751.483
1.9344e-008 7.71175 1.83165e-010

-2144.76 30.954 750.779
1.93429e-008 8.02269 1.83303e-010

-2144.86 30.954 750.076
1.93419e-008 8.33362 1.83446e-010

-2144.97 30.954 749.373
1.93409e-008 8.64456 1.83595e-010

-2145.08 30.954 748.67
1.93399e-008 8.9555 1.83749e-010

-2145.2 30.954 747.969
1.93389e-008 9.26487 1.83908e-010

-2145.31 30.954 747.268
1.93379e-008 9.57425 1.84073e-010

-2145.44 30.954 746.567
1.93369e-008 9.88362 1.84243e-010

-2145.56 30.954 745.868
1.93359e-008 10.193 1.8442e-010

-2145.69 30.954 745.169
1.93349e-008 10.5024 1.84601e-010

-2145.83 30.954 744.47
1.93339e-008 10.8117 1.84789e-010

-2145.96 30.954 743.773
1.93328e-008 11.1211 1.84983e-010

-2146.1 30.954 743.076
1.93318e-008 11.4289 1.85181e-010

-2146.25 30.954 742.38
1.93308e-008 11.7367 1.85385e-010

-2146.4 30.954 741.684
1.93298e-008 12.0446 1.85595e-010

-2146.55 30.954 740.99
1.93288e-008 12.3524 1.8581e-010

-2146.71 30.954 740.293
1.93278e-008 12.6602 1.86032e-010

-2146.87 30.954 739.596
1.93267e-008 12.968 1.86259e-010

-2147.03 30.954 738.9
1.93257e-008 13.2758 1.86493e-010

-2147.2 30.954 738.205
1.93247e-008 13.5821 1.86731e-010

-2147.37 30.954 737.511
1.93236e-008 13.8883 1.86975e-010

-2147.54 30.954 736.818
1.93226e-008 14.1946 1.87225e-010

-2147.72 30.954 736.126
1.93216e-008 14.5008 1.87481e-010

-2147.91 30.954 735.435
1.93205e-008 14.8071 1.87743e-010

-2148.09 30.954 734.745
1.93195e-008 15.1133 1.88012e-010

-2148.28 30.954 734.056
1.93185e-008 15.418 1.88285e-010

-2148.48 30.954 733.368
1.93174e-008 15.7227 1.88564e-010

-2148.67 30.954 732.681
1.93164e-008 16.0274 1.88849e-010

-2148.87 30.954 731.995
1.93153e-008 16.3321 1.89141e-010

-2149.08 30.954 731.31
1.93143e-008 16.6367 1.89439e-010

-2149.29 30.954 730.626
1.93132e-008 16.9414 1.89743e-010

-2149.5 30.954 729.943
1.93122e-008 17.2461 1.90054e-010

-2149.71 30.954 729.262
1.93111e-008 17.5508 1.90371e-010

-2149.93 30.954 728.581
1.93101e-008 17.8555 1.90694e-010

-2150.16 30.954 727.902
1.9309e-008 18.1586 1.91022e-010

-2150.38 30.954 727.224
1.93079e-008 18.4617 1.91357e-010

-2150.61 30.954 726.547
1.93069e-008 18.7649 1.91698e-010

-2150.85 30.954 725.872
1.93058e-008 19.0664 1.92044e-010

-2151.08 30.954 725.197
1.93047e-008 19.3664 1.92395e-010

-2151.32 30.954 724.524
1.93037e-008 19.6664 1.92753e-010

-2151.57 30.954 723.852
1.93026e-008 19.9649 1.93115e-010

-2151.82 30.954 723.182
1.93015e-008 20.2633 1.93483e-010

-2152.07 30.954 722.512
1.93004e-008 20.5602 1.93857e-010

-2152.32 30.954 721.844
1.92994e-008 20.8571 1.94237e-010

-2152.58 30.954 721.174
1.92983e-008 21.1508 1.9462e-010

-2152.84 30.954 720.505
1.92972e-008 21.4446 1.95009e-010

-2153.11 30.954 719.837
1.92962e-008 21.7367 1.95403e-010

-2153.38 30.954 719.171
1.92951e-008 22.0289 1.95804e-010

-2153.65 30.954 718.506
1.9294e-008 22.318 1.96207e-010

-2153.93 30.954 717.843
1.92929e-008 22.6071 1.96616e-010

-2154.21 30.954 717.18
1.92919e-008 22.8961 1.97033e-010

-2154.49 30.954 716.52
1.92908e-008 23.1836 1.97454e-010

-2154.78 30.954 715.86
1.92897e-008 23.4711 1.97881e-010

-2155.07 30.954 715.203
1.92886e-008 23.7586 1.98316e-010

-2155.36 30.954 714.546
1.92875e-008 24.0461 1.98757e-010

-2155.66 30.954 713.891
1.92864e-008 24.3336 1.99206e-010

-2155.96 30.954 713.238
1.92853e-008 24.6211 1.99662e-010

-2156.26 30.954 712.586
1.92842e-008 24.9071 2.00122e-010

-2156.56 30.954 711.936
1.92831e-008 25.193 2.00589e-010

-2156.87 30.954 711.287
1.9282e-008 25.4789 2.01064e-010

-2157.19 30.954 710.636
1.92809e-008 25.7649 2.01545e-010

-2157.5 30.954 709.987
1.92798e-008 26.0493 2.02032e-010

-2157.82 30.954 709.339
1.92787e-008 26.3336 2.02526e-010

-2158.15 30.954 708.693
1.92776e-008 26.618 2.03027e-010

-2158.48 30.954 708.049
1.92764e-008 26.9024 2.03536e-010

-2158.81 30.954 707.406
1.92753e-008 27.1868 2.04052e-010

-2159.14 30.954 706.765
1.92742e-008 27.4711 2.04576e-010

-2159.48 30.954 706.125
1.9273e-008 27.7555 2.05108e-010

-2159.81 30.954 705.487
1.92719e-008 28.0399 2.05648e-010

-2160.16 30.954 704.851
1.92707e-008 28.3243 2.06195e-010

-2160.5 30.954 704.217
1.92695e-008 28.6086 2.06751e-010

-2160.85 30.954 703.584
1.92684e-008 28.893 2.07315e-010

-2161.21 30.954 702.953
1.92672e-008 29.1774 2.07887e-010

-2161.56 30.954 702.324
1.9266e-008 29.4618 2.08467e-010

-2161.92 30.954 701.696
1.92648e-008 29.7461 2.09056e-010

-2162.28 30.954 701.071
1.92636e-008 30.0305 2.09653e-010

-2162.65 30.954 700.447
1.92624e-008 30.3149 2.10259e-010

-2163.01 30.954 699.825
1.92612e-008 30.5992 2.10873e-010

-2163.38 30.954 699.205
1.926e-008 30.8836 2.11497e-010

-2163.76 30.954 698.586
1.92587e-008 31.168 2.12129e-010

-2164.14 30.954 697.97
1.92575e-008 31.4524 2.1277e-010

-2164.52 30.954 697.355
1.92563e-008 31.7367 2.13421e-010

-2164.9 30.954 696.743
1.9255e-008 32.0211 2.14081e-010

-2165.28 30.954 696.132
1.92538e-008 32.3055 2.1475e-010

-2165.67 30.954 695.523
1.92525e-008 32.5899 2.15429e-010

-2166.07 30.954 694.916
1.92512e-008 32.8742 2.16117e-010

-2166.46 30.954 694.311
1.92499e-008 33.1586 2.16815e-010

-2166.86 30.954 693.708
1.92487e-008 33.443 2.17523e-010

-2167.26 30.954 693.107
1.92474e-008 33.7274 2.18241e-010

-2167.67 30.954 692.508
1.9246e-008 34.0117 2.1897e-010

-2168.07 30.954 691.911
1.92447e-008 34.2961 2.19708e-010

-2168.48 30.954 691.316
1.92434e-008 34.5805 2.20457e-010

-2168.9 30.954 690.723
1.92421e-008 34.8649 2.21217e-010

-2169.31 30.954 690.132
1.92407e-008 35.1492 2.21987e-010

-2169.73 30.954 689.543
1.92394e-008 35.4336 2.22768e-010

-2170.15 30.954 688.957
1.9238e-008 35.718 2.23561e-010

-2170.58 30.954 688.372
1.92366e-008 36.0024 2.24364e-010

-2171.01 30.954 687.789
1.92353e-008 36.2867 2.25179e-010

-2171.44 30.954 687.209
1.92339e-008 36.5711 2.26005e-010

-2171.87 30.954 686.631
1.92325e-008 36.8555 2.26843e-010

-2172.31 30.954 686.055
1.92311e-008 37.1399 2.27693e-010

-2172.74 30.954 685.481
1.92296e-008 37.4242 2.28555e-010

-2173.19 30.954 684.909
1.92282e-008 37.7086 2.2943e-010

-2173.63 30.954 684.34
1.92268e-008 37.993 2.30316e-010

-2174.08 30.954 683.772
1.92253e-008 38.2774 2.31215e-010

-2174.53 30.954 683.207
1.92238e-008 38.5617 2.32127e-010

-2174.98 30.954 682.644
1.92224e-008 38.8461 2.33052e-010

-2175.44 30.954 682.084
1.92209e-008 39.1289 2.33985e-010

-2175.9 30.954 681.526
1.92194e-008 39.4086 2.34921e-010

-2176.36 30.954 680.969
1.92179e-008 39.6852 2.35859e-010

-2176.82 30.954 680.415
1.92165e-008 39.9571 2.36794e-010

-2177.29 30.954 679.861
1.9215e-008 40.2211 2.37715e-010

-2177.76 30.954 679.308
1.92136e-008 40.4758 2.38614e-010

-2178.24 30.954 678.757
1.92123e-008 40.7164 2.39474e-010

-2178.71 30.954 678.208
1.92111e-008 40.943 2.40294e-010

-2179.19 30.954 677.661
1.92099e-008 41.1508 2.41054e-010

-2179.67 30.954 677.116
1.92088e-008 41.3399 2.41753e-010

-2180.15 30.954 676.572
1.92079e-008 41.5133 2.42399e-010

-2180.64 30.954 676.029
1.9207e-008 41.6711 2.42993e-010

-2181.12 30.954 675.487
1.92062e-008 41.8102 2.43519e-010

-2181.61 30.954 674.947
1.92055e-008 41.9274 2.43966e-010

-2182.09 30.954 674.407
1.92051e-008 42.0071 2.44272e-010

-2182.58 30.954 673.868
1.92047e-008 42.0649 2.44494e-010

-2183.07 30.954 673.329
1.92045e-008 42.1039 2.44644e-010

-2183.55 30.954 672.79
1.92044e-008 42.1211 2.44711e-010

-2184.04 30.954 672.251
1.92044e-008 42.1164 2.44693e-010

-2184.53 30.954 671.712
1.92046e-008 42.0868 2.44578e-010

-2185.02 30.954 671.172
1.92049e-008 42.0336 2.44374e-010

-2185.5 30.954 670.632
1.92054e-008 41.9555 2.44074e-010

-2185.99 30.954 670.09
1.92059e-008 41.8586 2.43704e-010

-2186.47 30.954 669.548
1.92066e-008 41.743 2.43264e-010

-2186.95 30.954 669.007
1.92073e-008 41.6149 2.42781e-010

-2187.43 30.954 668.464
1.92081e-008 41.4727 2.42247e-010

-2187.91 30.954 667.919
1.9209e-008 41.3055 2.41625e-010

-2188.39 30.954 667.374
1.92101e-008 41.1243 2.40957e-010

-2188.86 30.954 666.826
1.92112e-008 40.9274 2.40237e-010

-2189.33 30.954 666.277
1.92123e-008 40.7196 2.39486e-010

-2189.8 30.954 665.726
1.92135e-008 40.5008 2.38703e-010

-2190.27 30.954 665.173
1.92147e-008 40.2727 2.37896e-010

-2190.74 30.954 664.618
1.9216e-008 40.0336 2.3706e-010

-2191.2 30.954 664.061
1.92174e-008 39.7805 2.36186e-010

-2191.66 30.954 663.502
1.92188e-008 39.5149 2.3528e-010

-2192.12 30.954 662.941
1.92203e-008 39.2321 2.34329e-010

-2192.58 30.954 662.377
1.92219e-008 38.9336 2.3334e-010

-2193.03 30.954 661.811
1.92235e-008 38.6164 2.32304e-010

-2193.48 30.954 661.244
1.92253e-008 38.2789 2.3122e-010

-2193.92 30.954 660.675
1.92271e-008 37.9227 2.30096e-010

-2194.35 30.954 660.109
1.9229e-008 37.5461 2.28929e-010

-2194.78 30.954 659.54
1.9231e-008 37.1508 2.27726e-010

-2195.21 30.954 658.974
1.92331e-008 36.7368 2.26492e-010

-2195.62 30.954 658.409
1.92352e-008 36.3039 2.25229e-010

-2196.03 30.954 657.842
1.92374e-008 35.8539 2.23943e-010

-2196.44 30.954 657.274
1.92396e-008 35.3883 2.22643e-010

-2196.83 30.954 656.703
1.92419e-008 34.9086 2.21335e-010

-2197.23 30.954 656.131
1.92442e-008 34.4165 2.20024e-010

-2197.61 30.954 655.558
1.92465e-008 33.9102 2.18708e-010

-2197.99 30.954 654.987
1.92489e-008 33.3914 2.17394e-010

-2198.36 30.954 654.416
1.92513e-008 32.8618 2.16087e-010

-2198.72 30.954 653.845
1.92537e-008 32.3227 2.14791e-010

-2199.07 30.954 653.279
1.92561e-008 31.7727 2.13504e-010

-2199.41 30.954 652.716
1.92586e-008 31.2118 2.12227e-010

-2199.74 30.954 652.156
1.9261e-008 30.6383 2.10958e-010

-2200.06 30.954 651.598
1.92635e-008 30.0524 2.09699e-010

-2200.38 30.954 651.042
1.9266e-008 29.4555 2.08454e-010

-2200.68 30.954 650.488
1.92686e-008 28.8461 2.07221e-010

-2200.98 30.954 649.932
1.92711e-008 28.229 2.06011e-010

-2201.27 30.954 649.377
1.92736e-008 27.604 2.04824e-010

-2201.55 30.954 648.823
1.92762e-008 26.968 2.03654e-010

-2201.83 30.954 648.272
1.92787e-008 26.3227 2.02507e-010

-2202.09 30.954 647.721
1.92813e-008 25.6649 2.01376e-010

-2202.35 30.954 647.172
1.92839e-008 24.9961 2.00267e-010

-2202.6 30.954 646.624
1.92865e-008 24.318 1.99182e-010

-2202.83 30.954 646.076
1.92891e-008 23.6321 1.98124e-010

-2203.07 30.954 645.527
1.92917e-008 22.9383 1.97094e-010

-2203.29 30.954 644.98
1.92943e-008 22.2399 1.96097e-010

-2203.51 30.954 644.431
1.92969e-008 21.5336 1.95128e-010

-2203.72 30.954 643.88
1.92995e-008 20.8211 1.94191e-010

-2203.92 30.954 643.328
1.93021e-008 20.1008 1.93282e-010

-2204.11 30.954 642.775
1.93047e-008 19.3696 1.92399e-010

-2204.3 30.954 642.221
1.93073e-008 18.6305 1.91546e-010

-2204.48 30.954 641.667
1.931e-008 17.8852 1.90726e-010

-2204.65 30.954 641.113
1.93126e-008 17.129 1.89934e-010

-2204.81 30.954 640.56
1.93152e-008 16.368 1.89176e-010

-2204.97 30.954 640.009
1.93179e-008 15.5993 1.8845e-010

-2205.11 30.954 639.46
1.93205e-008 14.8243 1.87758e-010

-2205.25 30.954 638.914
1.93231e-008 14.043 1.87101e-010

-2205.38 30.954 638.37
1.93258e-008 13.254 1.86476e-010

-2205.5 30.954 637.829
1.93284e-008 12.4602 1.85887e-010

-2205.61 30.954 637.287
1.93311e-008 11.6618 1.85335e-010

-2205.71 30.954 636.748
1.93337e-008 10.8587 1.84818e-010

-2205.81 30.954 636.21
1.93364e-008 10.0493 1.84337e-010

-2205.89 30.954 635.674
1.9339e-008 9.23365 1.83892e-010

-2205.97 30.954 635.139
1.93417e-008 8.4149 1.83484e-010

-2206.04 30.954 634.606
1.93444e-008 7.58834 1.83113e-010

-2206.11 30.954 634.075
1.9347e-008 6.75866 1.82779e-010

-2206.16 30.954 633.544
1.93497e-008 5.92584 1.82484e-010

-2206.21 30.954 633.015
1.93524e-008 5.08834 1.82227e-010

-2206.25 30.954 632.489
1.93551e-008 4.24772 1.82009e-010

-2206.28 30.954 631.965
1.93577e-008 3.40241 1.81829e-010

-2206.3 30.954 631.444
1.93604e-008 2.55084 1.81689e-010

-2206.32 30.954 630.925
1.93632e-008 1.69616 1.81589e-010

-2206.32 30.954 630.407
1.93659e-008 0.835219 1.81528e-010

-2206.32 30.954 629.892
1.93686e-008 359.971 1.81509e-010

-2206.32 30.954 629.378
1.93714e-008 359.101 1.81531e-010

-2206.3 30.954 628.866
1.93742e-008 358.227 1.81596e-010

-2206.28 30.954 628.357
1.93769e-008 357.346 1.81704e-010

-2206.25 30.954 627.85
1.93798e-008 356.462 1.81856e-010

-2206.21 30.954 627.346
1.93826e-008 355.571 1.82053e-010

-2206.16 30.954 626.844
1.93854e-008 354.677 1.82295e-010

-2206.11 30.954 626.345
1.93883e-008 353.777 1.82585e-010

-2206.04 30.954 625.849
1.93912e-008 352.874 1.82922e-010

-2205.97 30.954 625.356
1.93941e-008 351.968 1.83307e-010

-2205.9 30.954 624.868
1.93971e-008 351.057 1.83743e-010

-2205.81 30.954 624.381
1.94001e-008 350.143 1.84229e-010

-2205.72 30.954 623.898
1.94031e-008 349.227 1.84765e-010

-2205.62 30.954 623.416
1.94061e-008 348.309 1.85354e-010

-2205.51 30.954 622.937
1.94091e-008 347.388 1.85997e-010

-2205.4 30.954 622.461
1.94122e-008 346.466 1.86693e-010

-2205.28 30.954 621.986
1.94153e-008 345.545 1.87443e-010

-2205.15 30.954 621.515
1.94185e-008 344.621 1.8825e-010

-2205.01 30.954 621.046
1.94216e-008 343.698 1.89112e-010

-2204.87 30.954 620.58
1.94248e-008 342.774 1.90033e-010

-2204.71 30.954 620.116
1.9428e-008 341.851 1.91012e-010

-2204.55 30.954 619.654
1.94313e-008 340.927 1.92052e-010

-2204.39 30.954 619.196
1.94346e-008 340.004 1.93153e-010

-2204.21 30.954 618.74
1.94379e-008 339.081 1.94318e-010

-2204.03 30.954 618.286
1.94413e-008 338.157 1.95548e-010

-2203.84 30.954 617.836
1.94447e-008 337.234 1.96845e-010

-2203.65 30.954 617.389
1.94482e-008 336.31 1.98211e-010

-2203.44 30.954 616.945
1.94517e-008 335.387 1.99649e-010

-2203.23 30.954 616.504
1.94553e-008 334.463 2.0116e-010

-2203.01 30.954 616.067
1.94589e-008 333.54 2.02748e-010

-2202.79 30.954 615.634
1.94626e-008 332.617 2.04414e-010

-2202.56 30.954 615.204
1.94663e-008 331.693 2.06162e-010

-2202.32 30.954 614.778
1.94701e-008 330.77 2.07994e-010

-2202.07 30.954 614.356
1.9474e-008 329.846 2.09915e-010

-2201.82 30.954 613.937
1.94779e-008 328.923 2.11926e-010

-2201.56 30.954 613.523
1.9482e-008 327.999 2.14033e-010

-2201.3 30.954 613.113
1.94861e-008 327.076 2.16239e-010

-2201.03 30.954 612.708
1.94903e-008 326.153 2.18548e-010

-2200.75 30.954 612.307
1.94946e-008 325.229 2.20965e-010

-2200.46 30.954 611.91
1.94989e-008 324.306 2.23495e-010

-2200.17 30.954 611.518
1.95034e-008 323.382 2.26142e-010

-2199.87 30.954 611.131
1.9508e-008 322.459 2.28914e-010

-2199.57 30.954 610.749
1.95127e-008 321.538 2.31805e-010

-2199.26 30.954 610.371
1.95175e-008 320.618 2.34831e-010

-2198.94 30.954 609.999
1.95225e-008 319.699 2.37994e-010

-2198.62 30.954 609.633
1.95275e-008 318.784 2.41295e-010

-2198.3 30.954 609.273
1.95327e-008 317.868 2.44752e-010

-2197.97 30.954 608.917
1.95381e-008 316.954 2.48368e-010

-2197.63 30.954 608.567
1.95436e-008 316.04 2.52157e-010

-2197.29 30.954 608.222
1.95492e-008 315.128 2.56123e-010

-2196.94 30.954 607.883
1.95551e-008 314.215 2.60283e-010

-2196.58 30.954 607.551
1.95611e-008 313.304 2.64641e-010

-2196.23 30.954 607.224
1.95673e-008 312.396 2.692e-010

-2195.86 30.954 606.904
1.95738e-008 311.49 2.7398e-010

-2195.5 30.954 606.588
1.95804e-008 310.584 2.79005e-010

-2195.12 30.954 606.279
1.95873e-008 309.679 2.8428e-010

-2194.75 30.954 605.976
1.95945e-008 308.774 2.89832e-010

-2194.36 30.954 605.68
1.96019e-008 307.871 2.95671e-010

-2193.98 30.954 605.39
1.96097e-008 306.97 3.01815e-010

-2193.59 30.954 605.105
1.96177e-008 306.071 3.08274e-010

-2193.19 30.954 604.828
1.96261e-008 305.176 3.15071e-010

-2192.8 30.954 604.556
1.96348e-008 304.284 3.22229e-010

-2192.39 30.954 604.29
1.96439e-008 303.393 3.29788e-010

-2191.99 30.954 604.031
1.96534e-008 302.507 3.37751e-010

-2191.58 30.954 603.778
1.96633e-008 301.624 3.46161e-010

-2191.16 30.954 603.531
1.96737e-008 300.745 3.55055e-010

-2190.74 30.954 603.289
1.96846e-008 299.867 3.64489e-010

-2190.31 30.954 603.054
1.96961e-008 298.992 3.74492e-010

-2189.89 30.954 602.824
1.97082e-008 298.118 3.85131e-010

-2189.45 30.954 602.602
1.9721e-008 297.249 3.96425e-010

-2189.01 30.954 602.384
1.97345e-008 296.382 4.08476e-010

-2188.57 30.954 602.173
1.97488e-008 295.518 4.21333e-010

-2188.13 30.954 601.968
1.9764e-008 294.656 4.35103e-010

-2187.68 30.954 601.77
1.97801e-008 293.796 4.49852e-010

-2187.22 30.954 601.578
1.97974e-008 292.94 4.65686e-010

-2186.76 30.954 601.392
1.98158e-008 292.087 4.82721e-010

-2186.3 30.954 601.212
1.98355e-008 291.242 5.00989e-010

-2185.83 30.954 601.038
1.98566e-008 290.399 5.20736e-010

-2185.36 30.954 600.87
1.98793e-008 289.565 5.42018e-010

-2184.89 30.954 600.709
1.99036e-008 288.738 5.65011e-010

-2184.41 30.954 600.554
1.99299e-008 287.918 5.8997e-010

-2183.93 30.954 600.407
1.99582e-008 287.109 6.16986e-010

-2183.45 30.954 600.266
1.99889e-008 286.309 6.46368e-010

-2182.96 30.954 600.131
2.00222e-008 285.52 6.78361e-010

-2182.48 30.954 600.004
2.00582e-008 284.745 7.13163e-010

-2181.99 30.954 599.882
2.00976e-008 283.981 7.51298e-010

-2181.5 30.954 599.768
2.01409e-008 283.224 7.93429e-010

-2181.01 30.954 599.659
2.01889e-008 282.476 8.40203e-010

-2180.52 30.954 599.557
2.02422e-008 281.737 8.92297e-010

-2180.03 30.954 599.461
2.03018e-008 281.006 9.50779e-010

-2179.53 30.954 599.372
2.03692e-008 280.281 1.01703e-009

-2179.04 30.954 599.288
2.04462e-008 279.56 1.09286e-009

-2178.54 30.954 599.211
2.05348e-008 278.846 1.18029e-009

-2178.05 30.954 599.14
2.06375e-008 278.14 1.28191e-009

-2177.55 30.954 599.075
2.07588e-008 277.438 1.40204e-009

-2177.05 30.954 599.015
2.09026e-008 276.748 1.54477e-009

-2176.54 30.954 598.961
2.10751e-008 276.071 1.71616e-009

-2176.03 30.954 598.913
2.12856e-008 275.409 1.92562e-009

-2175.52 30.954 598.871
2.15489e-008 274.759 2.1879e-009

-2175 30.954 598.833
2.18847e-008 274.126 2.52275e-009

-2174.49 30.954 598.802
2.23182e-008 273.521 2.95527e-009

-2173.97 30.954 598.775
2.29084e-008 272.935 3.54451e-009

-2173.46 30.954 598.754
2.37576e-008 272.368 4.39278e-009

-2172.94 30.954 598.738
2.50817e-008 271.82 5.71608e-009

-2172.43 30.954 598.726
2.74485e-008 271.287 8.08198e-009

-2171.91 30.954 598.719
3.28797e-008 270.769 1.35124e-008

-2171.4 30.954 598.717
0 270.266 360

-2170.88 30.954 598.719
0 270.226 360

-2170.36 30.954 598.725
180 270.706 180

-2169.85 30.954 598.736
180 271.174 180

-2169.33 30.954 598.75
180 271.632 180

-2168.82 30.954 598.769
180 272.082 180

-2168.31 30.954 598.792
180 272.52 180

-2167.79 30.954 598.818
180 272.946 180

-2167.28 30.954 598.848
180 273.362 180

-2166.78 30.954 598.882
180 273.765 180

-2166.27 30.954 598.918
180 274.157 180

-2165.76 30.954 598.959
180 274.538 180

-2165.26 30.954 599.002
180 274.912 180

-2164.75 30.954 599.049
180 275.277 180

-2164.25 30.954 599.099
180 275.637 180

-2163.74 30.954 599.152
180 275.985 180

-2163.24 30.954 599.208
180 276.326 180

-2162.73 30.954 599.266
180 276.662 180

-2162.23 30.954 599.328
180 276.985 180

-2161.72 30.954 599.393
180 277.302 180

-2161.22 30.954 599.46
180 277.612 180

-2160.72 30.954 599.53
180 277.913 180

-2160.21 30.954 599.602
180 278.207 180

-2159.71 30.954 599.677
180 278.497 180

-2159.21 30.954 599.755
180 278.782 180

-2158.71 30.954 599.835
180 279.063 180

-2158.21 30.954 599.917
180 279.343 180

-2157.71 30.954 600.001
180 279.621 180

-2157.21 30.954 600.088
180 279.897 180

-2156.72 30.954 600.178
180 280.174 180

-2156.22 30.954 600.269
180 280.451 180

-2155.72 30.954 600.363
180 280.724 180

-2155.23 30.954 600.459
180 280.997 180

-2154.74 30.954 600.558
180 281.271 180

-2154.24 30.954 600.659
180 281.544 180

-2153.75 30.954 600.762
180 281.816 180

-2153.26 30.954 600.867
180 282.087 180

-2152.77 30.954 600.974
180 282.355 180

-2152.28 30.954 601.083
180 282.622 180

-2151.79 30.954 601.195
180 282.887 180

-2151.31 30.954 601.309
180 283.151 180

-2150.82 30.954 601.425
180 283.411 180

-2150.33 30.954 601.543
180 283.671 180

-2149.85 30.954 601.663
180 283.93 180

-2149.36 30.954 601.786
180 284.19 180

-2148.88 30.954 601.911
180 284.447 180

-2148.4 30.954 602.038
180 284.705 180

-2147.91 30.954 602.167
180 284.963 180

-2147.43 30.954 602.298
180 285.221 180

-2146.95 30.954 602.431
180 285.479 180

-2146.47 30.954 602.567
180 285.737 180

-2145.99 30.954 602.705
180 285.994 180

-2145.51 30.954 602.845
180 286.252 180

-2145.03 30.954 602.987
180 286.51 180

-2144.55 30.954 603.131
180 286.768 180

-2144.07 30.954 603.277
180 287.026 180

-2143.59 30.954 603.426
180 287.283 180

-2143.12 30.954 603.577
180 287.541 180

-2142.64 30.954 603.729
180 287.797 180

-2142.17 30.954 603.884
180 288.051 180

-2141.69 30.954 604.04
180 288.302 180

-2141.22 30.954 604.199
180 288.552 180

-2140.75 30.954 604.359
180 288.799 180

-2140.28 30.954 604.522
180 289.043 180

-2139.81 30.954 604.686
180 289.282 180

-2139.34 30.954 604.852
180 289.516 180

-2138.87 30.954 605.021
180 289.741 180

-2138.4 30.954 605.191
180 289.955 180

-2137.93 30.954 605.362
180 290.162 180

-2137.47 30.954 605.536
180 290.357 180

-2137 30.954 605.71
180 290.544 180

-2136.53 30.954 605.887
180 290.726 180

-2136.07 30.954 606.064
180 290.899 180

-2135.6 30.954 606.243
180 291.065 180

-2135.14 30.954 606.424
180 291.222 180

-2134.68 30.954 606.605
180 291.369 180

-2134.21 30.954 606.788
180 291.502 180

-2133.75 30.954 606.971
180 291.622 180

-2133.29 30.954 607.156
180 291.722 180

-2132.83 30.954 607.341
180 291.815 180

-2132.36 30.954 607.526
180 291.899 180

-2131.91 30.954 607.711
180 291.976 180

-2131.45 30.954 607.897
180 292.041 180

-2130.99 30.954 608.082
180 292.093 180

-2130.54 30.954 608.267
180 292.133 180

-2130.08 30.954 608.451
180 292.158 180

-2129.63 30.954 608.636
180 292.169 180

-2129.18 30.954 608.821
180 292.169 180

-2128.72 30.954 609.005
180 292.155 180

-2128.27 30.954 609.188
180 292.132 180

-2127.83 30.954 609.37
180 292.09 180

-2127.38 30.954 609.551
180 292.035 180

-2126.93 30.954 609.732
180 291.969 180

-2126.48 30.954 609.911
180 291.893 180

-2126.03 30.954 610.091
180 291.805 180

-2125.59 30.954 610.269
180 291.707 180

-2125.14 30.954 610.447
180 291.597 180

-2124.69 30.954 610.623
180 291.479 180

-2124.24 30.954 610.799
180 291.346 180

-2123.79 30.954 610.973
180 291.202 180

-2123.35 30.954 611.145
180 291.051 180

-2122.9 30.954 611.314
180 290.89 180

-2122.46 30.954 611.482
180 290.719 180

-2122.01 30.954 611.649
180 290.541 180

-2121.57 30.954 611.813
180 290.358 180

-2121.13 30.954 611.976
180 290.168 180

-2120.68 30.954 612.137
180 289.971 180

-2120.24 30.954 612.296
180 289.766 180

-2119.8 30.954 612.452
180 289.557 180

-2119.36 30.954 612.607
180 289.34 180

-2118.92 30.954 612.759
180 289.115 180

-2118.48 30.954 612.909
180 288.883 180

-2118.04 30.954 613.057
180 288.647 180

-2117.61 30.954 613.203
180 288.404 180

-2117.17 30.954 613.346
180 288.149 180

-2116.73 30.954 613.487
180 287.89 180

-2116.3 30.954 613.625
180 287.626 180

-2115.86 30.954 613.761
180 287.358 180

-2115.43 30.954 613.896
180 287.087 180

-2114.99 30.954 614.028
180 286.812 180

-2114.55 30.954 614.158
180 286.537 180

-2114.11 30.954 614.286
180 286.262 180

-2113.67 30.954 614.411
180 285.987 180

-2113.24 30.954 614.534
180 285.708 180

-2112.8 30.954 614.655
180 285.43 180

-2112.36 30.954 614.774
180 285.152 180

-2111.92 30.954 614.891
180 284.874 180

-2111.48 30.954 615.006
180 284.594 180

-2111.04 30.954 615.118
180 284.315 180

-2110.59 30.954 615.229
180 284.037 180

-2110.15 30.954 615.337
180 283.758 180

-2109.71 30.954 615.443
180 283.482 180

-2109.27 30.954 615.547
180 283.207 180

-2108.82 30.954 615.649
180 282.933 180

-2108.38 30.954 615.749
180 282.662 180

-2107.93 30.954 615.846
180 282.391 180

-2107.49 30.954 615.942
180 282.126 180

-2107.04 30.954 616.035
180 281.863 180

-2106.6 30.954 616.127
180 281.605 180

-2106.15 30.954 616.217
180 281.354 180

-2105.71 30.954 616.304
180 281.107 180

-2105.26 30.954 616.39
180 280.865 180

-2104.81 30.954 616.474
180 280.626 180

-2104.36 30.954 616.556
180 280.388 180

-2103.92 30.954 616.636
180 280.152 180

-2103.47 30.954 616.714
180 279.918 180

-2103.02 30.954 616.791
180 279.687 180

-2102.57 30.954 616.866
180 279.455 180

-2102.12 30.954 616.939
180 279.226 180

-2101.67 30.954 617.01
180 278.996 180

-2101.22 30.954 617.079
180 278.768 180

-2100.77 30.954 617.147
180 278.54 180

-2100.32 30.954 617.213
180 278.313 180

-2099.87 30.954 617.277
180 278.087 180

-2099.42 30.954 617.339
180 277.86 180

-2098.97 30.954 617.399
180 277.635 180

-2098.52 30.954 617.458
180 277.412 180

-2098.07 30.954 617.515
180 277.188 180

-2097.62 30.954 617.57
180 276.965 180

-2097.16 30.954 617.624
180 276.743 180

-2096.71 30.954 617.675
180 276.521 180

-2096.26 30.954 617.725
180 276.299 180

-2095.81 30.954 617.774
180 276.079 180

-2095.35 30.954 617.82
180 275.862 180

-2094.9 30.954 617.865
180 275.644 180

-2094.45 30.954 617.908
180 275.427 180

-2093.99 30.954 617.949
180 275.212 180

-2093.54 30.954 617.989
180 274.996 180

-2093.09 30.954 618.027
180 274.782 180

-2092.63 30.954 618.063
180 274.568 180

-2092.18 30.954 618.097
180 274.355 180

-2091.73 30.954 618.13
180 274.144 180

-2091.27 30.954 618.162
180 273.934 180

-2090.82 30.954 618.191
180 273.724 180

-2090.36 30.954 618.219
180 273.515 180

-2089.91 30.954 618.245
180 273.307 180

-2089.46 30.954 618.27
180 273.102 180

-2089 30.954 618.293
180 272.898 180

-2088.55 30.954 618.314
180 272.694 180

-2088.09 30.954 618.334
180 272.491 180

-2087.64 30.954 618.352
180 272.288 180

-2087.18 30.954 618.369
180 272.085 180

-2087.18 30.954 618.369
180 272.085 180

-2087.18 30.954 618.369
180 272.085 180

-2087.18 30.954 618.369
180 272.085 180

-2087.18 30.954 618.369
180 272.085 180

-2087.18 30.954 618.369
180 272.085 180

-2087.18 30.954 618.369
180 272.085 180

-2087.18 30.954 618.369
180 272.085 180

-2087.18 30.954 618.369
180 272.085 180

-2087.18 30.954 618.369
180 272.085 180

-2087.18 30.954 618.369
180 272.085 180

-2087.18 30.954 618.369
180 272.085 180

-2087.18 30.954 618.369
180 272.085 180

-2087.18 30.954 618.369
180 272.085 180

-2087.18 30.954 618.369
180 272.085 180

-2087.18 30.954 618.369
180 272.085 180

-2087.18 30.954 618.369
180 272.085 180

-2087.18 30.954 618.369
180 272.085 180

-2087.18 30.954 618.369
180 272.085 180

-2087.18 30.954 618.369
180 272.085 180

-2087.18 30.954 618.369
180 272.085 180

-2087.18 30.954 618.369
180 272.085 180

-2087.18 30.954 618.369
180 272.085 180

-2087.18 30.954 618.369
180 272.085 180

-2087.18 30.954 618.369
180 272.085 180

